Gv3c1090_231
0
RAW_AUDIO_CHW
3,7,25
50.7400055
32.6076584
-17.554472
4.68105936
97.2317123
96.4594269
97.1784897
51.0533218
81.4053574
125.083191
122.603294
149.961807
71.8712387
91.652977
103.865974
94.6188202
117.676392
102.934013
46.6157951
25.2558117
98.5073853
49.5046806
29.4185467
86.9580307
79.3740158
59.1206169
111.065872
89.4329224
116.736298
108.384705
60.2796135
19.4392967
86.1849213
70.16716
17.096262
84.9569092
76.1743011
88.8358002
75.7798462
53.1507378
63.9559631
94.9502106
72.1276321
48.6003799
59.6561775
30.4017715
213.76709
221.033234
88.9621429
56.7231827
47.4406815
66.1434784
54.5239983
91.4891129
82.9178085
43.9390945
67.9008636
19.1795006
176.937683
240.757797
113.800217
49.6539345
59.3606071
88.4598465
55.0020027
61.3643799
44.6833992
101.181343
118.588593
0.652716637
14.1633492
75.6172409
131.945068
132.989639
48.1019974
63.8428154
65.8049088
55.948185
50.1555405
80.258461
133.833588
18.5123329
0.940218449
66.8414688
117.576706
147.889526
57.1372604
43.6577034
74.7219391
132.607834
79.2455597
83.2760468
91.1596298
98.9943237
126.611465
13.3020601
104.796082
130.205658
55.8645859
22.4293747
42.5041046
135.118011
88.7586136
77.3193283
94.3751373
89.6190414
135.227798
28.5541592
75.3342438
142.348892
68.4497147
21.7066574
55.2341118
56.5148201
131.667282
153.446884
9.3957653
76.2116776
86.361084
-27.4020443
142.603745
150.906906
61.8864403
97.3447952
120.206253
6.9020977
120.082352
164.950012
33.5949821
44.8635559
113.293083
-29.0586567
105.927872
170.729294
69.1817322
85.9278641
122.140762
92.8424683
41.5529022
60.7585831
25.869772
132.847748
118.778664
34.2551346
114.111656
83.5694504
41.6263733
94.405365
105.33889
30.5494671
13.9521656
71.7039337
21.0266552
109.799911
139.403229
37.3017921
96.5847778
102.75145
37.8854523
82.5747299
117.175529
29.2326927
67.3230667
148.376099
29.5249214
49.4342461
76.2258987
109.191574
180.764786
39.0319252
-6.33469152
128.271576
135.408356
15.8172464
53.6611862
-37.6004601
-38.7381706
13.3625574
-72.8227386
87.4099884
176.781296
143.400772
123.25013
-21.5913734
-71.3415298
94.8802185
214.659744
112.747604
-3.57780695
5.82636642
2.68366504
-12.064064
35.097538
42.6181145
103.447975
267.421539
70.938942
-27.5384331
58.2990112
36.5107536
1.88247108
4.04491901
3.38317466
-10.3199444
21.4106979
48.8621674
70.897583
255.597961
128.306488
-39.0561523
50.4753685
43.8268051
30.011385
16.1894245
27.7465153
37.1169205
97.0465546
61.0223236
70.3974762
167.227386
1.21406245
-6.37670088
65.3389359
110.045197
101.290627
8.08612347
33.1660576
27.0407295
89.1973801
75.9286118
49.8229256
167.559235
37.7752647
-24.0288486
56.7471886
99.5335922
118.043678
9.82408905
-22.8914948
-5.56200886
46.4499817
110.066071
213.56073
161.003769
-98.3158112
-27.4766121
126.418304
176.028809
24.9407883
-85.8817215
6.38854599
-10.5065975
28.3194904
102.775681
185.261734
207.90361
-67.8872986
-60.143734
101.182594
179.71344
68.8299179
-90.2882538
9.94285965
39.2016754
35.615078
26.209816
148.878159
148.386444
3.42880416
138.346725
55.1790085
58.7374496
54.8159676
-34.0281181
19.287735
17.5579147
45.8443375
18.9433517
118.195351
176.954529
9.58158016
113.398956
86.0370331
39.3082809
74.6639175
-26.1715126
-4.08818483
91.2715454
77.1852646
23.1773052
40.7378502
-6.01935816
93.8975067
178.5168
88.8400116
142.094849
52.7116814
-14.7294073
20.5806084
24.469017
27.0004234
39.2488022
34.9878807
4.91070175
54.8064995
189.12793
93.5458603
136.030533
79.273941
-12.6615486
11.3864536
30.0601368
23.4730797
7.15594578
67.0658112
65.3049088
116.55751
94.9480057
56.5193138
104.830093
43.198822
4.69606543
-4.93713093
-30.5828991
30.7445374
-4.91424036
62.3208122
64.0812988
104.501869
110.023743
52.8935356
100.047745
61.7682114
4.42354345
0.0297668744
-24.708086
-4.62855864
137.527466
164.634872
144.103561
155.142563
-22.3834419
-38.0233078
83.0139847
-47.0795555
4.13511753
159.271851
79.2696533
-18.7350388
38.6789131
75.6798553
131.070587
92.8113327
75.9504089
117.987968
101.013748
126.045647
76.7397919
70.4658051
106.916046
107.024277
139.714355
60.5274887
55.1647453
97.8915558
119.267105
157.305191
139.117325
85.4461823
86.6930084
151.793701
68.3936462
27.6410236
114.828644
131.335434
38.5040054
94.828949
109.834564
154.699295
146.190903
96.0813599
77.3604889
144.208694
96.5490189
15.2771454
105.930229
123.177193
147.63092
142.865723
114.692947
57.1847763
49.9576225
48.4204254
68.0467224
127.974747
77.1684265
192.337677
154.98233
64.2888107
109.741859
75.0808792
140.852875
60.381794
49.2031136
51.6471291
54.2739449
128.335175
78.319725
167.50705
180.04892
72.1897049
92.8053513
111.327942
123.957542
91.1425323
95.0367966
91.6230011
127.889069
114.779732
-10.6922941
36.5527725
109.461472
184.50296
166.113617
69.3567047
82.9471436
107.413162
85.6681061
97.6354523
111.90638
137.002136
2.97140741
18.2971935
98.0420227
167.545563
189.085358
72.16185
96.0374298
104.227478
141.921982
92.2260056
66.3463669
93.6038895
140.384933
149.996384
9.24377251
69.9455338
114.170761
96.539566
105.405891
54.871727
150.316376
101.625244
66.5837021
86.4041824
128.90773
163.034912
31.9881992
42.9975967
119.293152
96.0261688
101.023087
111.365677
75.3756104
131.647873
164.306412
42.391758
92.2572861
156.87912
46.897831
109.634644
130.87822
95.4479065
99.2598495
116.283783
18.593092
124.315598
169.324875
66.5889587
61.7230949
168.567291
58.3963699
91.0813446
136.026352
100.622574
94.996788
115.654289
103.187195
71.0658035
102.450851
36.5754395
134.203598
167.505539
56.0282631
107.67205
113.894325
100.453278
128.360214
115.454742
45.5418816
32.0900497
115.299774
40.4007988
105.005844
182.511581
69.0630417
90.4986267
122.673744
96.2188797
123.015533
130.26474
41.415699
80.9945068
168.543213
56.5947685
91.5075226
112.495567
95.5946198
195.003754
78.5059967
17.6260967
109.799141
145.405228
55.0051537
79.0438156
