Gv3c1090_114
0
RAW_AUDIO_CHW
3,7,25
35.8648872
103.623024
81.3801346
64.170105
104.644539
82.1717758
45.1081848
61.5259666
76.8584595
78.4753418
71.4475632
101.286133
79.5936737
69.4452057
105.481918
83.5178375
79.9250793
69.6091232
71.3203201
86.2624969
88.7200623
81.0764465
80.5475311
90.1722031
85.3911285
41.42062
107.721657
86.5078888
79.9846344
72.6270676
68.3596573
84.2951813
89.1230927
82.9668121
78.6673203
91.0073624
82.6110458
67.383873
83.6759262
52.3736
83.3505096
98.4497375
83.0487671
97.4998856
98.1045914
70.6229858
47.7034531
61.9046059
70.1081772
97.0849228
51.5970535
60.1758881
72.6416245
100.869652
83.9898453
93.9117508
100.695068
77.4952469
49.0373001
57.8379059
70.705864
84.4467697
107.721771
89.0064774
83.5229187
82.2283554
79.6160126
77.0315475
79.6772156
88.5962067
66.716774
80.9164581
69.609314
86.181694
104.356247
46.7924385
90.5851669
81.5164337
78.9672089
79.4351196
75.7761917
91.1639938
68.3444672
78.6145859
71.9219131
81.3199997
100.60215
83.4815369
94.2408142
85.0169678
73.9721298
75.72715
74.2163544
53.2532959
64.2601929
96.4674911
81.8251877
82.3459702
97.762352
100.460732
56.8542442
95.0155182
72.1851959
76.0125656
75.5199127
57.8821526
56.8600082
94.0133209
85.6752853
79.318634
96.7908249
98.3491898
78.7781677
85.2280655
82.0035553
67.7751083
75.000679
83.3371201
96.8977585
101.201836
76.1584854
75.6789551
82.2925034
61.2174377
83.9344788
50.8215408
90.5157013
66.8615112
73.4912262
81.4203033
93.898613
102.891937
81.5310898
72.1827698
84.5840073
64.1643677
75.2262344
75.2494812
73.555481
83.1983185
66.635704
43.8484993
60.5550117
167.266205
195.988388
91.8301697
-8.83450794
4.05942869
66.1838226
97.7499542
39.6845589
87.4072571
69.8980255
48.0496216
49.2618217
144.60733
204.121536
116.847061
4.35344648
-7.52673149
57.045475
91.0727158
88.5904999
54.3013649
62.7841721
91.767334
114.90136
108.493408
82.1168365
90.7034683
91.6902466
84.2845383
106.353394
80.8972626
71.4898224
31.9917793
77.5168686
69.1479111
60.8106041
91.3576355
81.4942551
57.7336388
64.6229019
54.2111244
31.7480526
21.8677845
63.4767838
59.0288925
59.6878166
73.0756149
37.3259506
48.4778099
45.1010742
54.0365257
72.4206238
71.2900467
59.9120369
55.1751633
56.8467712
48.2835503
37.762146
80.1376877
40.4467545
45.2028046
47.5612602
49.1024132
70.9409103
72.1637726
62.8234291
54.2148819
58.9937096
46.5451126
40.1007652
59.6372147
53.3358803
80.806015
73.5969391
37.0595093
37.1558075
74.9082489
89.6335907
63.6674728
52.8854637
22.5497589
24.2738476
35.1438217
54.9775047
74.6497116
79.711235
43.0007477
33.049427
66.7642365
91.5012817
68.3464737
54.9987793
30.5864182
15.4862261
50.4761887
65.4490204
88.4350128
97.7579422
83.4892197
41.2050705
16.3976288
29.5213127
33.6281357
63.5684357
46.8320312
51.6485023
69.4813843
35.246624
87.7986221
97.7233582
87.2092667
52.5097656
15.0611801
29.2197666
29.4374428
60.3648605
50.9436455
49.3197441
63.2189751
68.83358
106.184029
77.8240051
31.4055252
30.1041584
48.8533134
44.9120522
48.4260864
76.936821
59.8388748
58.4332542
83.0963821
63.9403648
62.2246628
95.3993988
34.9881516
28.1976128
45.393116
48.1074982
43.3924866
74.1937103
65.0786209
54.4251442
80.5613022
71.4120178
26.6852608
47.5882835
66.9048996
41.5634155
50.7730942
67.1541061
53.2602921
66.1352844
93.0325165
80.7311401
36.1152534
28.3727112
79.5621338
31.8311653
69.2782974
45.3185501
45.8306389
66.8854828
55.8145027
60.3438377
89.8752899
86.7809906
45.1867523
23.6788807
68.9521255
64.9141388
40.6441231
30.7360439
72.355072
105.967789
55.7916603
25.5165577
-20.2122135
34.2509956
104.712227
95.508934
94.3772278
97.701622
22.1953278
32.9971619
58.2430344
108.28083
65.6971664
32.2111435
-14.2204218
14.1258574
99.2034454
97.8869705
95.2868729
93.2145386
88.9909363
70.0928116
30.6277237
7.23503876
35.3126564
50.9542542
17.6053867
45.7001686
75.1652679
61.7271042
90.5410538
65.7317276
38.104496
44.9568253
101.586632
99.6666031
93.1892471
119.196144
115.362587
87.9514618
92.0695496
107.100632
111.349411
85.8048401
111.613876
88.2380524
78.6782227
106.364197
93.0543594
114.475594
108.809837
103.531189
101.885391
100.056084
105.393555
100.561104
107.330238
106.106331
47.4493713
110.210594
91.7993469
110.503372
112.463417
102.580284
103.608498
98.8134003
105.575104
100.44368
107.81485
102.583153
88.5191727
103.695045
94.584259
115.440628
111.726395
91.1040726
98.942421
108.704132
97.5019836
83.3447647
96.3701477
93.0359192
112.872963
58.7650604
100.96637
108.988205
116.227104
93.4100342
95.8013458
108.230843
101.470131
83.6521072
93.5709763
96.0787201
101.229164
115.59816
99.5561066
98.5933075
105.914474
110.326294
102.979202
90.3406982
93.8329468
90.2664795
114.094749
92.0945206
97.5419846
114.052185
56.0060921
104.68161
103.115891
108.975067
107.544403
89.5426636
95.4481125
87.4814758
112.007034
96.9829636
94.8097382
108.799232
97.6845016
124.459053
110.079239
84.3015213
92.9095001
112.714539
94.8088455
87.8064041
116.597122
99.6515121
88.7632751
112.515678
118.98082
74.1745987
124.95388
83.7211838
89.9982529
110.096199
101.421028
83.7294388
113.430191
105.551888
86.7774048
109.106422
117.56279
87.9803314
98.4378204
105.741539
90.139595
92.2436142
103.984062
115.046341
115.958946
95.1807938
91.5533218
111.191696
98.240097
112.984116
59.0290642
112.953346
90.4947815
90.9024506
101.461998
113.205505
117.449562
100.224487
88.2061234
109.718109
101.81308
105.258514
96.2376328
94.0289536
101.339539
98.5860519
121.913925
106.425842
95.4021606
103.343307
97.6926041
83.6778717
95.2058258
106.66626
106.133705
50.2870712
107.608345
95.059288
118.483353
112.63073
94.0426407
103.003365
99.6588669
85.9180069
90.02285
108.872322
100.378334
101.474358
96.4939651
84.9196854
95.2883377
115.085663
119.54261
93.9182587
103.100998
106.371124
86.9856491
106.037285
97.7702942
110.890823
