Gv3c1090_96
0
RAW_AUDIO_CHW
3,7,25
44.4297295
79.3438339
56.8702621
83.3789215
89.5610657
77.6427765
92.4381256
91.576416
71.7267532
65.5440292
67.6914825
66.8301239
84.0603867
102.064331
107.157356
105.005981
75.0673676
72.5560074
75.8875275
73.049324
86.3628387
74.6085205
88.5369186
92.2488785
76.3141479
54.4131508
113.854095
105.342613
81.5331573
69.8805466
77.5959778
71.121666
85.5067902
76.8025589
83.3733749
95.8869629
76.6088333
65.6486893
57.7537498
63.6157608
49.2868042
76.9003906
102.996025
99.5868988
116.016495
88.0594177
54.9470482
72.3599319
93.1306992
130.507248
30.3315563
69.7880554
49.035305
68.1049576
102.427254
98.0196915
114.65612
97.1829987
57.4878006
66.8492966
89.865654
120.674004
108.112411
75.8062973
48.3526192
24.797224
63.143055
97.3685455
139.834335
116.151138
57.0870743
56.3977814
86.8117905
116.85128
100.529839
44.4598274
61.8560829
22.0938644
54.3662796
90.8684998
132.474686
128.989548
64.2769852
53.3627853
79.009491
114.4076
106.014374
58.8069725
32.9388733
32.1569252
91.4503479
88.2759018
43.9614296
88.3186646
136.487839
147.292725
124.773567
75.3396378
46.3051376
24.7371273
21.5227661
30.0108204
78.1483765
97.9917831
47.1307526
74.1035614
131.825897
145.689331
134.579895
82.5802612
52.4792976
27.3813667
14.3816071
25.8217545
128.895798
201.923996
136.18161
31.6059647
11.4169617
79.8677063
75.7263107
85.6204529
88.4109497
32.6281395
41.7555161
16.1943455
104.024231
198.729797
156.494705
50.1585999
3.49200678
69.6432343
79.9544373
79.8432388
93.7498093
44.9872742
26.6790714
78.4362869
88.9182205
76.7496643
117.393974
136.832977
132.822113
119.874184
125.185692
-15.6410389
-88.9636841
30.6679573
80.4515915
154.486801
52.4519424
80.9691849
107.784431
134.337097
137.331787
117.710831
132.359283
20.7281418
-96.4705353
7.53679991
74.7730331
135.160263
149.297974
89.3237991
94.3617172
76.4950943
156.81076
151.26799
77.904953
45.2553177
14.4055843
23.8541889
84.7332993
177.618576
22.8951321
35.228157
94.1586304
68.6489029
30.6116028
34.2051659
44.2269821
60.4104424
52.7399368
54.3778687
111.974487
80.6210022
-25.5558834
-0.0817894563
126.444672
154.136246
114.994034
-2.09157205
-60.2558861
49.2666817
105.158325
77.2686844
24.8831596
13.280036
59.9539986
129.753387
74.7414322
160.061752
127.41256
25.091526
-65.0244675
24.4729557
103.64196
85.8624802
34.7694016
9.38468075
49.4465256
113.080437
130.172516
103.203102
70.4551849
24.7656384
93.9123459
85.5380402
-36.7682686
-89.5189209
-90.9278488
57.5290909
176.445038
160.216034
105.9021
55.9042702
90.309227
23.4440384
76.3961487
103.946342
-16.699194
-81.8442535
-100.944359
20.3726044
165.912994
169.459473
115.38205
61.2386246
49.939003
114.162949
154.908981
71.035881
-45.4530983
-87.1461029
-50.5168076
73.7095337
143.271469
125.553513
89.5953903
58.8264771
20.8960857
100.044083
156.265335
94.7901764
-26.0667534
-85.3807373
-65.4842224
47.1255074
139.1642
131.937943
96.536972
64.8226166
29.1884193
-8.9789629
1.05892766
63.0248566
78.1898346
76.2696457
111.387383
109.769585
72.309021
28.1836739
14.8288012
30.3027153
65.9896164
-4.18364382
-6.38208485
50.9844208
80.2610703
73.0895538
104.430542
115.166466
80.1099243
36.9015732
12.962801
27.5901833
54.9265366
76.2674484
27.5949364
62.1715965
132.702866
100.45845
57.8290367
16.6421604
-4.82064009
51.9087029
96.1602936
82.893074
43.166851
2.17050076
12.8627434
51.369297
123.890472
112.296219
64.4300079
26.0149002
-6.70171213
37.141983
93.0450134
87.9327087
52.8640175
7.90207291
-3.11761713
22.7248077
45.52108
74.1203995
83.202095
110.061905
175.980759
158.004547
-57.3198395
-89.6730347
134.455032
152.115387
141.667191
15.9344301
41.1309624
69.0619812
82.3550644
100.465958
162.998428
178.906494
-10.7804632
-117.78289
99.716423
157.641754
146.913742
82.0767822
-199.635361
-68.7959137
224.256973
202.081207
37.4330254
1.77759874
37.9369125
24.5972881
-30.1958389
-12.9888792
17.272047
84.8702774
64.0111694
140.346817
79.9552689
74.7618484
105.409271
101.278488
121.55687
132.104294
93.5593719
95.2481155
130.267578
87.4539948
62.5826569
84.5098877
99.8995361
111.098999
94.5818787
83.2673645
82.1864624
97.1845551
142.673035
118.707489
111.713684
114.452103
113.092392
43.8995743
102.684624
108.641411
100.047066
82.84272
83.8065338
88.7121124
138.240463
125.781906
109.692291
116.048088
111.853668
86.8101196
82.4057846
111.053696
100.461189
127.998985
119.596268
55.0005875
66.9289474
126.462631
117.969193
103.057968
91.3846588
115.942772
43.4073563
114.484795
99.5930252
121.026237
129.026154
65.5063019
56.0154343
118.997322
122.77697
105.072128
93.5263443
106.420937
103.006981
108.065605
108.224915
74.7987366
102.703857
93.7479706
79.0046539
116.317307
94.9502335
80.6602631
27.4796906
56.4213638
125.394577
60.5215034
119.905487
75.9394073
95.1228333
102.352043
73.9489212
113.26857
100.010246
85.4393463
37.1950569
42.032299
114.70842
106.417534
120.864403
171.654968
217.573929
170.671036
88.3011322
52.0720558
66.0143738
93.3753738
110.212631
176.148117
114.787727
7.45726919
68.8799667
167.035202
211.337646
187.508896
102.251129
54.6660957
60.59161
89.4723434
103.930496
163.747635
144.709717
11.0352163
38.6562157
52.2129898
51.8210373
99.3175125
119.943893
135.970123
128.550079
68.697258
90.9892731
132.468521
146.698044
140.979889
97.0043411
26.3866806
52.8157539
88.4805527
118.301544
131.962296
136.114548
78.2743683
79.113533
128.733047
143.006348
147.496902
104.227264
60.0670547
55.4356956
112.712456
139.584641
61.9016075
46.0007248
40.2558327
59.3830338
222.706055
244.856979
131.159637
34.2786102
32.0801926
32.1222038
101.439529
143.443359
78.1499634
42.0543671
46.7258415
40.9941635
191.46907
258.513153
153.551926
53.5084801
12.4891939
95.6713028
174.276993
84.187294
0.236384243
59.8738251
174.118896
175.464386
120.992691
88.4757614
106.898582
70.9195404
-45.5547867
88.2842178
