Gv6d1090_125
2
RAW_AUDIO_CHW
3,7,25
-51.7786102
37.6855431
122.775368
153.348099
-49.0620537
237.56517
-78.0683746
158.399261
33.5091667
61.4229012
65.4888458
61.5130005
103.58223
106.8022
29.3967152
80.619873
34.7964973
47.8728943
151.694962
78.4775772
-12.8067703
126.544449
80.7707138
82.1360474
38.374733
146.659531
55.0344505
47.5781555
69.4777527
18.4041176
143.552643
112.317978
-24.9171867
115.017296
88.1750488
84.9905853
52.9066353
26.3307648
65.977829
112.896919
3.70758176
141.92923
88.0439835
39.1253891
90.6980286
25.0604115
94.4056396
85.6804657
9.73586178
134.076385
132.420975
128.819214
2.85449338
115.169586
121.718018
23.3352757
99.3387299
27.8726025
79.7743378
99.6202927
15.8124142
102.492455
67.5859833
60.8633728
120.912041
60.1618996
64.1693192
58.5051155
47.6224442
116.175453
94.6927261
8.04825306
72.8753586
66.6286087
132.170609
-72.8256378
104.821747
81.8928833
53.1797447
65.8630753
46.000515
96.2735672
122.619591
2.31391907
72.7889023
51.5993919
142.139511
12.8313608
2.23954439
293.10437
-63.4968643
23.649107
104.071426
93.3288956
45.2791595
138.058304
-39.2654915
134.041122
116.335396
-6.35160637
-259.435486
310.235291
-9.6647768
-5.38832474
79.0822067
135.501053
1.94236183
175.631149
-48.1963234
112.682503
134.913254
0.0977716744
90.1945877
73.1593628
69.8267288
86.8579483
80.5119781
4.34843159
160.937027
14.8709145
32.1235542
166.369553
-29.3090591
77.1929016
233.734589
-64.2184601
96.8265381
70.5644302
104.804001
-11.5947332
153.959579
44.7787132
11.528307
151.129807
27.2472534
8.91139507
244.459274
-64.5401764
167.825638
-56.9386139
142.654221
97.6879196
49.9651985
-3.03146029
174.066208
1.10079646
140.074905
24.1085205
36.7463341
150.960953
30.3981247
-45.7469597
106.088448
124.534721
55.0283279
-6.61292791
150.37262
40.6428986
95.1880875
76.0618896
-7.75612688
170.911102
69.3744736
14.7974072
87.4418411
18.0754776
132.633423
111.176476
-21.9296913
144.212769
21.3265514
94.172226
84.2353973
15.4771376
88.0058823
-47.2292252
50.6315308
137.357773
170.982376
-44.212925
248.323929
-56.7828827
162.206848
37.5115395
90.4829559
66.2499237
88.4906006
95.6154099
126.83844
51.0782852
90.1374741
43.0450439
70.9046097
169.792191
68.3738861
12.2872601
151.085983
83.755722
92.353653
65.2091217
145.969391
76.0914078
62.119133
74.056282
40.0242043
165.107101
105.174744
-9.85002422
146.654404
90.999588
94.1469116
76.7577515
33.721756
87.0251617
120.505913
21.1884556
154.758026
98.7132034
60.3070831
96.9777222
39.9656448
106.927155
94.3924942
28.9182701
141.930115
126.89386
134.493439
19.8997784
129.256058
130.719101
43.7734566
108.672379
38.6935539
95.0171432
106.671776
35.8118172
107.658752
75.6611099
94.3604584
117.868698
70.9427948
85.7394562
65.9828186
61.9213715
131.595856
114.72567
21.0775547
78.4311142
100.672935
118.275414
-68.294899
115.682884
83.7707672
77.6899567
73.6457977
59.7437248
110.491501
142.979218
16.310009
79.3392105
77.7561569
148.328598
10.0493164
58.8555984
268.670105
-45.6401405
56.115097
108.100708
103.627136
73.9079819
119.137634
-6.81509256
144.231461
126.838417
9.41049194
-167.482285
315.635101
-19.5312977
40.6306381
81.5933151
142.736038
32.3017235
160.882858
-26.4707222
132.440933
139.849991
19.8857288
94.455864
90.747673
84.6391144
97.2104568
95.5872955
14.0280819
179.119278
29.0326595
39.6977043
191.347107
-39.0708694
111.128151
228.457001
-41.3799782
115.963043
76.6306839
123.382767
-4.34082127
171.670258
61.4577637
16.6813831
176.967621
22.1837063
30.686142
255.090759
-51.0295563
169.578705
-24.5154514
145.798523
106.719933
76.4653168
-3.66086745
195.977737
6.31809902
160.721573
41.5355186
37.5268822
174.357864
52.7147903
-8.13903427
115.151329
125.017761
87.9689636
-10.0401678
173.742798
44.49683
116.1119
91.6419678
1.26527703
178.443008
81.3822632
31.7136784
106.938873
27.7768536
150.579971
120.056686
-18.784111
167.857315
39.3823853
100.707542
99.6530533
30.2671623
108.08831
-160.155655
88.4449692
205.476669
156.904617
-10.3366547
329.195038
-105.71386
268.980621
-24.577076
146.351501
86.5127487
132.570221
110.58847
188.006973
50.9272079
135.338211
41.5531998
112.142097
211.611908
73.0726242
26.3124676
177.607712
135.247803
108.652946
111.460777
160.458817
75.178566
107.445335
75.9488068
72.7481308
208.617691
120.859184
-7.57320929
178.77655
130.080872
128.168289
104.107658
57.807476
122.19725
122.18734
27.4643517
231.791367
121.079735
90.8058014
113.128242
43.1170349
178.104965
139.488556
11.1466188
181.045456
104.306557
138.165924
17.5485725
199.104599
164.656921
67.6731949
133.013702
36.8611946
149.974228
175.590454
9.40614891
146.352219
94.3805008
115.877975
193.706772
62.8820801
135.159927
114.640656
52.9984207
203.747818
131.367981
33.2457619
99.4402542
132.57251
144.373337
-2.50955582
207.396057
80.6021729
110.633255
137.263992
47.7888985
170.248383
179.602005
12.9718781
116.847054
80.6595612
218.442917
5.19824791
82.1384811
347.928986
-55.1975021
57.9905434
187.794281
72.2217102
151.826691
162.208252
-33.7439575
212.669937
157.083527
-7.52375841
-63.3143883
424.461578
-33.3442039
40.8132477
149.03096
137.778824
66.7831726
244.403244
-69.5808182
195.192627
179.917618
5.23292828
200.806702
70.046051
133.835587
156.894852
71.2822571
70.4717407
207.015213
27.2607841
84.62146
225.233414
-61.9273796
223.476456
194.244141
-72.4694443
167.098419
136.208221
114.233238
25.1387329
224.566376
48.8724174
57.4011307
220.134171
-0.990961373
119.984161
256.464905
-16.5010529
219.32103
-66.9114685
239.754257
103.628716
101.387329
18.8099575
223.684982
40.3042564
215.865295
25.6475983
113.086296
211.439529
172.183609
-48.0898476
194.691223
140.091415
105.786125
10.351263
207.431763
63.4450035
187.66539
67.4153976
73.4597702
213.404861
103.569092
71.9680862
97.1719284
65.8626251
196.575912
136.319351
9.98299408
232.349548
54.5581322
136.110886
109.917915
44.3689194
165.876007
