Gv8c1220_180
3
RAW_AUDIO_CHW
3,7,25
259.061035
-4.94108582
25.659626
-75.9217224
169.68219
366.999634
-219.995514
144.019653
-44.0604134
168.885681
332.295013
-71.8214264
-31.8442535
-11.1426601
332.107269
60.8649673
17.7561073
9.96531391
-49.0223808
462.456238
61.4557266
-189.367157
70.1322784
78.9014282
413.71637
-91.2866974
278.055511
153.915421
-25.1959877
56.3457794
-100.6996
389.035675
212.015335
-234.44368
59.8490944
37.3232002
396.128815
39.5671806
-56.8576279
-52.0098419
96.6731873
511.726959
-208.683624
-28.1118908
65.0478287
217.97963
281.537384
-119.364494
-26.9852581
50.9283409
-2.83779716
-51.6912231
-6.59844923
534.08136
-82.297226
-127.882889
95.822876
137.847229
349.630341
-88.6323853
-31.8114529
-15.2463818
221.143982
299.743439
-50.86446
-68.1669312
-78.427536
351.587372
280.032288
-161.599319
50.6866951
0.327824265
248.991226
219.973083
-73.9683685
206.772751
20.2484951
-81.2193298
-90.4513626
241.154083
393.861511
-151.169998
25.9985638
1.75633347
184.035217
285.382965
-56.3138809
-68.619545
14.3432903
261.134399
335.524414
-217.910217
-17.690464
117.703712
233.267395
239.366318
-179.099365
43.2175674
33.2708168
255.459274
-44.6253891
161.996536
409.686371
-143.292191
-102.018311
133.364792
171.287354
312.975037
-149.940674
-1.3116852
34.3234253
210.866333
322.53244
-170.517014
61.3938522
-77.9624786
335.086792
323.830811
-336.08432
127.963295
82.3933334
115.400063
390.887756
-232.913254
-47.2275467
-211.834808
57.02985
-61.0972023
205.899796
452.161163
-292.819733
15.2957134
153.901688
30.9763241
422.216339
-120.560043
-160.855865
276.71756
12.552249
278.509369
-2.78998876
-54.8666306
128.841049
151.953934
129.77504
-21.3011875
76.1832504
-43.0992317
340.493591
135.681061
-61.0880089
255.985611
84.9156799
-108.295914
130.743484
125.737259
175.627457
-31.5849838
87.685112
-54.8105545
267.41095
239.469452
-164.29718
52.6163101
159.546417
74.2014694
155.257416
91.1037903
-54.2684174
-16.5848713
324.277557
127.279755
-70.4593277
59.8777657
11.3207827
204.186737
-48.935936
42.8029213
-116.804039
216.303665
271.353973
-244.417465
145.435287
-73.2587051
177.394302
225.204666
-59.9590302
-79.9815292
10.3106022
328.684784
-40.8521767
30.9510651
-31.7273502
-13.493453
422.096741
-23.6557903
-170.881256
18.2527103
151.242905
323.413483
-49.461483
309.694031
40.854557
-20.336586
21.9490318
-84.1727753
385.364594
106.505219
-214.53476
6.86266518
94.6107178
346.953522
-72.6753082
-12.4135599
-110.906296
155.90036
435.928802
-285.381409
-16.8863811
57.7300911
235.151535
172.270172
-119.66967
-48.948967
27.0832691
34.5737305
-100.142982
33.944603
501.08075
-188.778564
-113.354408
79.1745911
168.657318
252.165466
-114.312553
-36.5716629
-55.0289764
274.224609
219.387436
-113.643608
-53.6803894
-80.4813004
352.965057
191.012665
-180.571106
26.709507
15.3369293
238.737778
126.824585
-81.1295624
179.22403
-60.0154266
-72.4116211
-92.0086517
251.03389
316.204529
-188.706802
9.57988358
1.54609096
195.808609
192.48085
-80.7009201
-74.6676178
-12.7322216
304.839386
236.677002
-274.928833
16.1678238
90.1526489
231.288528
162.742645
-190.130615
20.0321236
30.813385
275.631378
-95.8444366
211.149094
340.854614
-232.463852
-65.3905411
110.426933
169.721878
249.068176
-180.463531
-12.4527655
13.877841
250.1297
200.683685
-168.288849
39.7291489
-108.977615
392.74353
186.525772
-336.36853
138.332932
54.5953026
118.305161
319.629303
-282.834686
-14.7670841
-73.4620514
51.5654602
-123.337326
283.572083
335.899536
-331.685425
44.6281853
119.223183
38.0205269
363.128601
-183.390991
-138.659149
259.412689
2.20448112
230.217239
-55.2706909
-50.4012184
107.762825
160.686234
53.1257362
-26.4667873
11.3480988
-1.09590304
320.311493
43.2976151
-93.0364685
222.658463
17.6528206
-101.096436
103.742752
142.427536
102.705612
-45.4604568
32.8587418
-42.6059227
285.095154
131.123993
-156.825348
11.1358442
168.900681
50.3982658
121.46093
55.2902184
-90.9124298
5.37080288
304.43338
56.2432594
-76.8470612
21.4974937
12.5623417
199.193283
-12.1795607
80.6667786
-114.721848
303.204987
352.215393
-251.152786
180.428726
-24.0575542
224.594147
307.391235
-20.3075905
-77.0131683
38.4937706
426.118591
25.5058861
25.4221687
22.5249081
-2.60769415
524.498901
43.5439911
-194.698578
47.0690918
214.776337
421.711609
-36.940258
398.63855
125.584969
-24.9617081
68.7243881
-65.7940979
462.022217
203.328064
-238.529938
28.478281
145.526489
451.601532
-57.2464027
26.6735439
-91.5107956
195.077087
559.86554
-265.648224
-16.8463173
116.915535
294.216644
226.565933
-56.0982742
-40.6497688
40.9585037
102.715683
-67.5490875
50.162674
626.443359
-146.066635
-121.451057
129.450806
232.018707
303.375
-47.6075821
-14.1939087
-59.8004456
352.792023
309.826019
-106.388496
-25.702076
-51.9351997
410.207184
281.322998
-149.865707
13.0402679
98.8091202
287.065765
187.677902
-41.9522171
244.859161
-36.7314682
-52.8491096
-61.3725281
298.262939
405.503845
-137.391708
-12.0496025
71.8683319
255.366577
245.824783
-31.8624802
-60.5989838
-9.89757729
395.913605
340.317535
-303.11203
57.4570656
146.973389
266.706665
260.011688
-161.124878
16.4770279
86.1518021
340.63858
-87.6917877
282.120789
462.964081
-245.61853
-46.5977287
177.6689
198.468857
340.269501
-129.41037
-24.4009571
63.298233
307.048431
285.585571
-138.052933
64.9319
-102.671555
487.824158
276.923798
-376.568787
217.294159
73.6847305
180.588852
406.123169
-284.911041
20.9115944
-31.6411896
79.3061752
-116.449699
350.402679
455.75592
-369.441315
103.786407
159.013565
74.7479401
465.384125
-178.444229
-112.467682
295.49115
58.3170357
322.855225
-48.9935989
-6.94660378
128.386444
226.637115
146.956879
-38.504631
61.9752617
11.0619841
404.670349
110.139847
-63.3470421
324.861603
35.3462868
-70.2505951
136.48938
183.901627
213.728989
-51.5112991
74.1575394
-24.1003189
350.89502
210.877625
-136.942795
55.7679253
184.167023
127.055756
192.467957
78.7682571
-62.5728302
20.4838619
399.425262
113.503609
-60.970253
67.0198669
18.0463409
