Gv9d1126_126
4
RAW_AUDIO_CHW
3,7,25
-514.380737
404.217255
-452.231567
549.474243
-208.280762
255.798325
-3.26605773
-60.3486023
399.40863
-145.577728
59.6851768
12.3570204
342.936096
-230.216507
436.964386
-336.235229
496.166168
-443.017578
484.315369
-23.9669323
-29.6191292
299.126404
-334.43335
486.822906
-150.465286
-199.577744
406.311218
-271.283569
390.450592
-235.248291
184.117798
306.786255
-297.446442
506.963745
-447.491974
472.444366
-68.4211273
95.9799271
-29.5840397
293.041504
-119.65773
222.578461
-218.288681
292.426544
4.12607622
-19.9073658
501.18573
-431.19635
563.445923
-469.556091
330.414459
275.931305
-39.7814217
129.354416
-63.7111969
57.6191368
271.68222
-291.789459
680.189758
-477.783752
486.122162
-300.273743
414.800873
-88.3088989
140.784531
137.619492
-123.568565
210.735962
-25.9891853
264.434753
-189.723373
377.766693
-367.21106
474.109375
-260.022156
137.17572
126.519188
246.472351
-231.188766
286.800476
-127.995079
359.035767
-262.374969
398.090332
-323.986206
349.44577
-141.639832
370.582397
-97.5587997
-8.69036388
415.091003
-300.412781
443.320282
-447.711731
511.779541
-283.875122
270.128845
-159.453156
217.520294
279.608826
-801.360474
-143.101028
580.174255
-408.093689
491.487854
-421.563568
392.135071
-117.971954
108.712181
4.24733829
62.6852875
294.779541
11.478385
297.786591
-153.104187
474.250732
-436.599121
433.227081
-404.287781
380.969391
-119.776688
-56.5029793
402.287048
-281.24823
590.822998
-122.614693
-292.216095
558.670349
-389.463654
312.149292
-202.349594
107.768929
191.620361
-332.439545
563.403137
-335.169281
530.510254
-271.761627
349.598633
-167.448318
431.188171
-215.839523
242.55986
66.4689941
-118.396561
398.423035
-489.695496
584.298401
-347.007263
290.797485
857.635315
-160.845795
302.955261
9.71486759
-25.1425266
333.452179
-353.977448
570.371582
-563.098206
535.831055
-250.877808
212.008575
86.742897
107.343742
323.612823
-335.602051
465.11261
-264.65918
319.377045
-138.692764
456.154083
-344.602478
347.134277
-122.475098
32.3161812
-535.745972
380.899963
-446.037048
586.997314
-264.23996
408.794922
-130.442596
63.4968605
286.213348
-48.7884293
92.2520599
103.836403
210.087479
-131.645309
390.664124
-277.764374
491.24942
-477.86615
593.382263
-200.948761
152.16275
173.123718
-186.961258
427.706146
-63.8602409
-359.260803
410.646393
-273.965607
455.167908
-345.185211
354.980469
108.148903
-133.253647
428.884613
-364.481384
505.121521
-88.81633
157.8293
-7.5597353
292.923218
-135.153427
296.716187
-263.172302
431.150269
-125.905113
108.268265
323.849762
-268.842468
479.386932
-364.577087
101.116776
263.481567
-70.9527206
227.152344
-130.092087
217.716583
155.727402
-184.507065
563.651855
-413.978668
522.424194
-312.409027
446.655457
-204.962311
269.066864
36.5803986
28.7036819
125.309128
82.156189
178.812103
-74.7121048
344.069153
-282.993347
491.157074
-316.058716
230.194336
195.43782
169.503189
-97.9532852
239.299164
-53.3936157
318.471863
-206.173172
427.291138
-305.798645
418.347351
-200.8479
449.849335
-252.270477
116.349609
253.902359
-155.214539
380.815094
-299.980743
548.91626
-252.249435
348.874664
-163.191284
351.184296
40.8542099
-527.268982
8.69981575
419.035095
-305.253052
482.753662
-355.77832
508.694641
-151.586548
228.674637
-32.2579765
201.322128
138.489197
2.15707517
88.2096939
-105.671761
425.021637
-330.245819
572.506592
-371.284668
524.64447
-231.824829
79.9632721
322.432098
-169.738358
502.953278
-581.062805
-256.68338
548.008728
-371.081696
515.226624
-215.25264
293.623596
76.1026077
-211.065598
511.61377
-241.630127
447.169098
-259.723145
354.610229
-203.125656
455.455414
-272.374756
356.980469
-62.5809784
92.2435074
287.155762
-316.255066
570.076111
-300.646149
324.427002
699.52948
-249.414368
386.999969
-97.1792145
124.749916
196.397202
-172.122101
516.191833
-467.38855
604.732056
-283.999969
340.193481
-105.037872
183.51004
160.350494
-225.406021
443.047913
-215.290329
312.2948
-99.9871368
435.641541
-383.952484
453.51651
-188.798737
257.730377
-507.355408
414.01825
-457.233795
699.395508
-326.287231
474.553711
-135.391861
165.650879
318.948792
-36.1753311
17.1208801
169.49321
251.844604
-89.849968
372.002136
-245.836105
599.773315
-510.494476
694.382141
-240.24324
257.446472
187.856186
-184.014908
415.666443
-11.647131
-447.363525
430.871552
-290.203308
590.901917
-385.519989
452.006775
84.4457474
-58.9599113
481.690155
-378.417999
514.057617
-76.6510162
232.536072
46.2890854
354.154968
-115.034409
336.84082
-323.562683
439.755646
-234.026917
219.036743
327.646667
-300.015625
388.811218
-345.823212
27.1452637
326.517212
-50.3690605
278.494324
-186.181549
229.352432
55.0665131
-118.211815
620.438965
-468.147797
473.743408
-367.619354
577.767639
-22.7114143
547.18512
220.506531
131.590149
-22.3788433
-113.934174
24.4392052
-81.4837875
366.990723
-225.414902
597.624756
-273.753662
348.576447
464.48056
377.726318
31.4021835
143.86882
-260.668579
156.81633
-250.529465
465.29538
-275.667877
532.887695
-148.358658
514.729126
-277.296875
232.407486
268.991547
-119.832764
410.667572
-195.110611
626.905701
-238.638611
456.752045
-184.905518
363.834473
-88.7576675
-359.400146
114.476234
454.616547
-285.165619
524.095642
-283.972168
623.551636
-160.705368
341.594543
-38.9661827
211.520386
33.1530914
7.51667786
154.93103
-37.7597313
505.003967
-278.508179
603.5802
-449.211029
577.750061
-277.199249
157.59996
250.979797
-148.213913
572.047729
-689.049683
-176.476212
637.311401
-332.507172
576.307678
-302.272308
338.796814
40.6657677
-151.077286
478.487305
-258.966766
519.423279
-276.54895
428.55249
-169.642517
594.294189
-285.699371
348.813568
-151.571838
202.023758
375.621582
-271.433319
665.260498
-276.961548
354.910645
739.429749
-243.277695
533.463989
-84.5717087
115.711929
117.85675
-115.538956
644.893127
-445.225037
714.391907
-266.194946
398.439911
-179.516571
200.43306
123.873383
-169.802872
490.441986
-218.374954
345.696136
-68.9201889
516.190063
-390.799103
549.030029
-206.919083
347.797424
