Gv1c2020_70
0
RAW_AUDIO_CHW
3,7,25
-17.3018742
-21.6973991
115.835312
136.65947
122.043076
73.0358658
67.8428879
15.8563051
66.8528137
127.376381
69.7401657
109.370514
102.642029
-3.87854886
2.04832482
133.144226
151.314453
47.9140549
79.1317902
110.570648
64.085434
61.8321686
127.366379
68.8671265
37.1546593
5.32065535
-15.9571047
108.756294
163.933548
63.1397934
63.9009171
113.203232
73.8580322
54.0071411
116.895493
95.0050201
16.9273529
126.298569
102.917793
36.1066589
77.1494827
103.120483
71.2235413
45.3016396
115.683762
68.4830551
38.039444
122.99147
102.80722
71.991066
63.1941338
55.4119987
60.4511414
103.817276
81.9795837
41.1210632
103.31015
89.7314148
26.3141289
114.076691
109.914536
78.2765121
23.4580479
118.868591
90.7845764
31.0008106
118.341255
87.9038467
45.7344284
94.3502274
131.638672
88.1639557
45.7494545
89.3087082
55.6113358
50.3863792
112.057892
28.4693298
102.948463
103.532066
45.8515244
81.6095047
129.42453
103.560547
42.8681641
87.0606003
60.5275688
46.3253021
109.763588
112.853676
62.8565483
63.0612373
111.372322
57.4407043
27.2051258
128.24585
144.114456
76.865509
28.2983532
59.4934959
59.6873474
125.123833
70.5191574
55.8744736
106.023315
76.0096588
18.5202198
109.356613
149.895309
94.7486267
26.8544331
58.2425613
56.9087219
27.7676735
107.034058
122.037643
69.8787918
90.8152847
138.804581
88.1057434
71.1216583
122.503128
29.4520111
38.7397423
110.639465
0.413295686
99.2362366
124.364082
79.6893234
78.5421829
135.015945
105.134857
59.7182999
125.00795
47.1720505
28.3596802
90.9414825
114.788452
65.4243317
28.3363724
108.333954
41.919239
58.0328789
108.553856
104.31546
85.8731918
78.4049759
149.631226
70.5218658
40.1341476
26.4251747
24.433527
100.907036
57.9510841
43.4206085
105.978111
103.812904
94.7520218
68.3828735
143.706787
94.4152832
28.4596825
96.0417328
55.5073471
71.7423019
83.4813461
87.6635513
81.7502747
47.9214134
105.083199
95.531929
64.2334824
87.5272903
90.9369278
58.5625687
19.6087093
77.1027908
88.3765411
-1.37826169
48.5004845
81.9208374
54.8139496
18.9521713
67.2711639
97.9889755
23.6350441
50.5623283
88.292305
36.6621895
18.469347
91.1152267
95.2243652
12.1013727
60.8006744
97.41716
36.6521797
19.3231735
85.0329742
56.4202118
22.8399391
31.2071419
14.3764067
75.1405106
106.855713
22.7204342
42.7580948
100.624222
50.1724548
13.687871
72.4742203
75.1446381
10.2311563
88.5276947
77.7434464
30.9368267
62.2191544
65.6547928
32.9438477
20.5871868
90.6883469
71.3092651
31.8087025
93.4757767
71.7184906
46.8519325
43.8675652
45.4277382
50.2137184
70.6699677
40.2904434
16.2607594
75.9357986
87.5746841
26.0289574
86.6993561
78.2608337
53.4608994
-0.992448151
90.3786392
77.4748383
1.36434472
85.5014801
68.2196426
21.7347355
59.3748627
87.9273987
54.1999779
22.2017078
82.1085281
64.9682083
49.7789421
94.5538559
3.7758553
67.8524857
82.5051117
23.4848862
49.0642319
86.4721146
66.2763748
18.5867157
73.3787079
72.9983978
27.9526005
72.0640106
84.8181152
39.1780357
25.227108
86.7972412
65.1922073
9.67793941
72.74617
88.1579056
63.9512596
41.4499016
75.6248169
41.2012024
90.6937866
48.4405708
21.0082436
74.1793823
81.2034531
9.40125751
59.6225929
89.6112366
72.3654861
38.3693848
72.004425
67.6003723
6.53252983
59.2290306
71.6529007
29.2013893
52.3743744
94.5602493
57.373558
31.6333981
84.9864883
32.3606949
29.1966209
75.5563507
-17.1011295
52.3543396
74.7482758
35.801178
41.8046684
90.4393234
71.5667953
24.7404823
81.6713638
44.4874153
24.4920845
61.3234596
77.8836899
46.3441467
35.2373047
112.902534
50.3158073
31.2046432
78.3400955
69.5064621
33.5832863
25.0671406
100.517799
49.2735825
31.2214622
22.459343
27.1436214
105.1745
68.4434891
23.862608
73.0998611
73.4878998
43.5282364
15.9036169
91.2296753
67.7691879
18.9132442
86.7152557
52.4300346
59.8165283
47.5558739
54.0907326
61.6716499
18.97925
77.3038025
76.2498779
46.2678528
58.7066231
68.0376968
40.0959587
19.4180202
102.989243
125.164597
58.1424179
110.041046
135.802399
111.253387
58.8722382
111.54187
131.062912
81.1958237
125.084595
149.194626
103.315826
70.7749481
128.536438
101.792847
46.0260353
106.445419
117.003418
70.1697388
75.1588135
140.139023
98.2693024
68.5135803
63.1234779
73.6337891
116.310394
117.340752
47.1927605
92.6034317
122.819443
78.5891037
66.5397797
129.454163
119.568466
52.5898552
128.522232
100.77597
53.9002533
96.1647339
118.723129
106.46048
88.7196426
144.262924
97.2080536
62.0536575
125.773384
111.548126
86.7296143
62.354744
67.392662
82.2237015
117.59536
113.04126
85.1957397
135.057236
116.647881
54.2562027
119.044807
116.834793
91.3942566
46.0965996
135.967834
127.498337
78.6609421
147.303726
107.746613
62.3782997
105.029228
133.728928
88.6324463
59.5412674
120.617844
106.112213
58.364006
146.516083
75.8581543
136.337677
123.834335
63.5062408
93.5795822
133.474075
102.602859
53.9199944
114.039513
108.210297
85.4331894
127.340073
117.650391
57.0720215
64.4029999
144.141846
112.414856
60.3171196
111.508316
119.658104
96.5944748
98.7856064
129.015717
71.6903229
133.796555
65.8374405
53.2394485
132.279572
128.844879
60.5374908
100.684555
122.641991
101.92823
92.3546448
128.232422
106.101189
61.5921097
103.339996
110.290276
80.0449829
95.32444
131.793457
95.4062653
93.7006454
145.281128
74.7483521
78.9234009
119.838684
24.6745968
105.470505
108.932167
86.911087
86.3637085
128.535309
107.799812
81.5631409
146.137817
88.0122452
73.3440857
105.92746
114.638084
86.3666306
78.4985199
160.550568
90.6164398
86.372406
116.829086
104.841316
80.7652283
73.3552933
140.490723
92.8668976
79.7125092
38.1362038
71.7329941
153.407608
108.203773
77.0813522
116.667824
106.102631
89.6227188
64.5091553
132.856369
109.869423
66.121727
129.046478
80.3254776
84.0491257
103.37751
111.927422
107.030495
82.4287643
129.599014
124.992821
95.999054
101.007889
95.0646133
63.547348
