Gv3c1090_114
0
RAW_AUDIO_CHW
3,7,256
55
60
60
58
67
84
99
108
102
86
87
92
100
114
117
115
105
104
92
71
62
56
64
72
70
65
67
72
83
84
75
67
64
63
63
69
66
68
89
112
125
129
123
115
106
103
108
102
92
88
84
78
66
50
42
55
53
51
53
42
33
40
46
50
53
62
67
68
69
63
62
58
49
61
68
68
68
64
63
67
77
83
92
89
90
88
78
67
73
76
89
93
81
74
68
65
63
66
68
71
74
72
78
77
77
87
100
107
104
91
84
76
82
107
106
104
108
112
109
106
95
88
66
49
50
52
40
38
47
64
72
79
81
85
96
106
118
119
112
109
103
95
97
88
90
93
99
98
88
76
75
78
86
86
86
82
81
87
87
71
61
69
75
88
85
77
68
75
88
90
93
78
60
49
48
49
48
50
61
72
89
95
87
82
85
86
87
80
73
71
90
99
99
85
67
70
80
79
89
93
94
105
117
119
92
67
67
73
79
75
69
64
71
85
100
103
92
78
66
68
79
81
81
91
93
96
80
73
78
86
100
99
91
80
88
98
99
95
81
79
89
91
87
73
52
56
69
65
51
38
38
51
72
89
97
105
47
64
72
79
81
85
96
106
118
119
112
109
103
95
97
88
90
93
99
98
88
76
75
78
86
86
86
82
81
87
87
71
61
69
75
88
85
77
68
75
88
90
93
78
60
49
48
49
48
50
61
72
89
95
87
82
85
86
87
80
73
71
90
99
99
85
67
70
80
79
89
93
94
105
117
119
92
67
67
73
79
75
69
64
71
85
100
103
92
78
66
68
79
81
81
91
93
96
80
73
78
86
100
99
91
80
88
98
99
95
81
79
89
91
87
73
52
56
69
65
51
38
38
51
72
89
97
105
117
118
109
88
65
60
63
70
68
61
47
41
37
39
43
47
46
60
74
86
89
79
90
101
110
118
102
81
73
78
81
80
95
109
120
121
108
86
69
65
77
94
105
95
86
76
67
71
79
75
82
98
117
122
125
124
113
107
99
92
77
72
85
93
92
93
87
89
89
89
82
79
86
85
78
66
56
48
31
23
30
33
39
52
68
76
70
61
52
47
49
55
64
59
64
63
68
77
63
56
68
68
76
84
86
87
91
88
74
63
65
69
78
83
100
110
111
121
113
111
115
103
100
99
104
104
99
98
117
118
109
88
65
60
63
70
68
61
47
41
37
39
43
47
46
60
74
86
89
79
90
101
110
118
102
81
73
78
81
80
95
109
120
121
108
86
69
65
77
94
105
95
86
76
67
71
79
75
82
98
117
122
125
124
113
107
99
92
77
72
85
93
92
93
87
89
89
89
82
79
86
85
78
66
56
48
31
23
30
33
39
52
68
76
70
61
52
47
49
55
64
59
64
63
68
77
63
56
68
68
76
84
86
87
91
88
74
63
65
69
78
83
100
110
111
121
113
111
115
103
100
99
104
104
99
98
92
83
94
96
92
91
90
81
70
65
62
67
80
88
87
90
98
106
104
99
88
77
78
78
82
73
62
65
71
80
79
77
68
66
80
88
94
107
103
95
84
70
69
67
70
79
77
64
51
51
59
79
94
100
100
98
93
91
89
86
86
87
81
81
86
80
80
87
88
87
75
61
54
52
52
60
63
60
62
76
85
89
95
100
107
103
95
80
57
53
54
62
69
61
56
60
64
78
86
88
86
89
99
107
98
86
80
87
100
111
111
105
100
98
95
79
75
81
92
109
103
81
73
71
73
77
80
79
92
83
94
96
92
91
90
81
70
65
62
67
80
88
87
90
98
106
104
99
88
77
78
78
82
73
62
65
71
80
79
77
68
66
80
88
94
107
103
95
84
70
69
67
70
79
77
64
51
51
59
79
94
100
100
98
93
91
89
86
86
87
81
81
86
80
80
87
88
87
75
61
54
52
52
60
63
60
62
76
85
89
95
100
107
103
95
80
57
53
54
62
69
61
56
60
64
78
86
88
86
89
99
107
98
86
80
87
100
111
111
105
100
98
95
79
75
81
92
109
103
81
73
71
73
77
80
79
83
97
110
118
116
107
99
89
87
86
70
71
83
92
96
87
75
67
73
72
59
57
63
87
101
96
91
78
74
77
61
55
53
66
84
93
93
82
71
73
74
77
66
62
61
63
67
66
76
79
75
77
71
58
27
11
24
35
48
70
73
70
67
59
62
71
90
109
103
92
91
87
84
94
98
91
89
90
97
101
96
87
77
65
69
76
73
74
81
87
90
86
83
82
79
85
88
92
96
100
98
101
98
103
98
87
93
99
102
103
98
110
100
100
98
81
83
84
80
80
78
76
79
70
68
71
71
76
83
97
110
118
116
107
99
89
87
86
70
71
83
92
96
87
75
67
73
72
59
57
63
87
101
96
91
78
74
77
61
55
53
66
84
93
93
82
71
73
74
77
66
62
61
63
67
66
76
79
75
77
71
58
27
11
24
35
48
70
73
70
67
59
62
71
90
109
103
92
91
87
84
94
98
91
89
90
97
101
96
87
77
65
69
76
73
74
81
87
90
86
83
82
79
85
88
92
96
100
98
101
98
103
98
87
93
99
102
103
98
110
100
100
98
81
83
84
80
80
78
76
79
70
68
71
71
76
84
104
102
102
93
91
82
75
77
70
74
80
85
96
96
94
80
70
72
69
62
48
38
51
72
77
78
78
86
82
88
83
76
70
64
67
69
63
78
88
85
97
93
77
73
80
95
101
99
83
84
97
112
116
104
88
84
91
96
97
94
100
104
114
117
118
103
84
79
76
82
86
80
72
59
48
47
55
75
89
98
103
93
82
73
70
70
65
69
67
75
86
95
102
90
79
80
86
90
82
61
40
37
44
47
47
53
55
69
80
92
103
106
114
105
88
68
57
64
60
53
53
59
69
77
87
93
82
84
104
102
102
93
91
82
75
77
70
74
80
85
96
96
94
80
70
72
69
62
48
38
51
72
77
78
78
86
82
88
83
76
70
64
67
69
63
78
88
85
97
93
77
73
80
95
101
99
83
84
97
112
116
104
88
84
91
96
97
94
100
104
114
117
118
103
84
79
76
82
86
80
72
59
48
47
55
75
89
98
103
93
82
73
70
70
65
69
67
75
86
95
102
90
79
80
86
90
82
61
40
37
44
47
47
53
55
69
80
92
103
106
114
105
88
68
57
64
60
53
53
59
69
77
87
93
82
72
68
76
79
74
78
72
79
90
88
79
66
66
75
80
94
97
91
93
89
83
57
37
39
48
49
54
54
57
59
65
58
47
48
44
38
45
45
44
46
46
44
48
58
63
81
95
112
135
147
166
170
169
166
163
169
183
205
225
224
216
211
201
197
181
161
147
143
139
127
116
96
81
75
70
59
47
39
38
30
26
11
-8
-18
-26
-39
-40
-43
-40
-25
-2
15
29
32
24
28
40
37
40
46
56
68
63
69
73
75
78
82
85
79
86
91
98
98
99
102
101
99
95
88
77
81
90
91
88
80
71
55
72
68
76
79
74
78
72
79
90
88
79
66
66
75
80
94
97
91
93
89
83
57
37
39
48
49
54
54
57
59
65
58
47
48
44
38
45
45
44
46
46
44
48
58
63
81
95
112
135
147
166
170
169
166
163
169
183
205
225
224
216
211
201
197
181
161
147
143
139
127
116
96
81
75
70
59
47
39
38
30
26
11
-8
-18
-26
-39
-40
-43
-40
-25
-2
15
29
32
24
28
40
37
40
46
56
68
63
69
73
75
78
82
85
79
86
91
98
98
99
102
101
99
95
88
77
81
90
91
88
80
71
55
48
41
34
36
48
53
63
73
67
50
48
62
78
82
75
63
57
67
74
81
95
92
92
93
92
94
102
107
109
109
120
123
123
119
109
116
116
115
119
116
103
94
98
95
98
107
117
115
106
90
85
82
85
87
76
74
77
72
75
71
73
75
84
98
100
111
116
111
113
113
103
90
85
76
68
63
69
79
91
94
93
86
90
87
87
92
88
84
83
95
112
123
127
123
109
100
104
95
86
77
82
81
85
79
71
73
81
84
79
60
53
57
58
73
82
77
74
71
66
60
63
63
61
55
39
38
28
32
44
52
63
55
60
75
82
83
69
51
56
72
81
87
94
82
76
80
68
56
50
54
66
71
70
60
57
72
85
88
74
68
61
48
51
51
49
55
63
87
111
119
118
121
118
107
102
86
79
77
72
72
62
52
50
62
77
77
62
49
43
59
68
63
64
62
67
77
76
73
56
43
61
71
64
64
52
42
46
58
56
56
63
55
54
46
31
25
30
43
49
43
30
22
19
21
16
6
9
26
19
19
27
29
31
49
62
69
61
54
46
45
53
67
75
74
79
81
72
76
82
75
56
34
32
27
23
39
54
65
70
69
69
58
57
69
94
108
98
96
85
69
50
41
42
38
48
45
36
40
36
36
43
46
45
43
46
49
42
29
28
36
54
68
71
55
45
44
46
61
62
54
46
28
27
33
30
32
43
44
53
72
73
70
82
82
73
76
66
59
62
78
80
70
60
57
63
67
67
68
68
79
99
93
87
67
50
62
63
51
52
43
37
53
69
71
75
59
37
41
45
55
69
73
79
69
46
38
40
56
67
61
47
44
48
53
66
59
51
55
55
53
47
37
24
30
35
29
23
21
21
35
52
61
75
75
54
65
70
69
69
58
57
69
94
108
98
96
85
69
50
41
42
38
48
45
36
40
36
36
43
46
45
43
46
49
42
29
28
36
54
68
71
55
45
44
46
61
62
54
46
28
27
33
30
32
43
44
53
72
73
70
82
82
73
76
66
59
62
78
80
70
60
57
63
67
67
68
68
79
99
93
87
67
50
62
63
51
52
43
37
53
69
71
75
59
37
41
45
55
69
73
79
69
46
38
40
56
67
61
47
44
48
53
66
59
51
55
55
53
47
37
24
30
35
29
23
21
21
35
52
61
75
75
87
86
67
58
46
45
49
51
59
53
43
44
44
48
55
63
65
64
69
73
72
78
90
101
105
106
89
67
62
58
59
70
78
79
81
79
67
46
34
38
49
54
51
43
33
27
22
15
19
15
20
39
48
58
64
60
60
59
54
54
59
62
60
71
70
76
90
96
99
103
96
95
94
93
98
93
83
73
61
54
55
59
54
60
63
68
74
68
60
49
47
54
51
50
51
51
52
54
38
17
15
20
15
28
28
32
36
25
1
-3
-4
5
24
30
28
28
28
41
53
51
55
64
64
59
56
49
55
58
87
86
67
58
46
45
49
51
59
53
43
44
44
48
55
63
65
64
69
73
72
78
90
101
105
106
89
67
62
58
59
70
78
79
81
79
67
46
34
38
49
54
51
43
33
27
22
15
19
15
20
39
48
58
64
60
60
59
54
54
59
62
60
71
70
76
90
96
99
103
96
95
94
93
98
93
83
73
61
54
55
59
54
60
63
68
74
68
60
49
47
54
51
50
51
51
52
54
38
17
15
20
15
28
28
32
36
25
1
-3
-4
5
24
30
28
28
28
41
53
51
55
64
64
59
56
49
55
58
64
64
71
76
78
83
80
68
60
56
59
74
86
97
99
104
108
119
120
114
106
91
90
91
83
86
91
90
91
87
75
71
64
73
74
78
91
107
96
77
59
38
32
25
18
22
16
7
-1
-5
3
17
27
33
33
35
28
31
37
38
36
25
10
11
17
29
34
31
33
39
33
34
36
27
31
46
36
32
46
52
68
76
71
72
70
75
84
77
54
32
33
46
43
34
29
31
40
47
52
58
53
56
69
68
54
46
43
59
70
79
79
69
57
64
51
52
52
53
69
80
79
73
69
73
79
92
91
89
64
64
71
76
78
83
80
68
60
56
59
74
86
97
99
104
108
119
120
114
106
91
90
91
83
86
91
90
91
87
75
71
64
73
74
78
91
107
96
77
59
38
32
25
18
22
16
7
-1
-5
3
17
27
33
33
35
28
31
37
38
36
25
10
11
17
29
34
31
33
39
33
34
36
27
31
46
36
32
46
52
68
76
71
72
70
75
84
77
54
32
33
46
43
34
29
31
40
47
52
58
53
56
69
68
54
46
43
59
70
79
79
69
57
64
51
52
52
53
69
80
79
73
69
73
79
92
91
89
96
97
109
122
128
119
103
105
100
85
75
73
77
70
82
84
54
39
30
19
22
25
35
43
42
47
49
34
18
16
19
19
28
27
31
38
37
41
45
51
56
45
40
45
42
31
37
53
64
68
67
62
69
59
30
18
9
10
28
54
63
55
51
48
48
60
70
69
77
74
76
67
63
73
85
90
78
71
68
61
68
65
58
48
54
58
48
53
57
56
59
61
60
59
51
57
73
82
82
83
79
74
79
85
85
83
83
85
88
74
59
63
56
63
65
57
39
35
36
32
26
21
23
20
18
18
14
26
96
97
109
122
128
119
103
105
100
85
75
73
77
70
82
84
54
39
30
19
22
25
35
43
42
47
49
34
18
16
19
19
28
27
31
38
37
41
45
51
56
45
40
45
42
31
37
53
64
68
67
62
69
59
30
18
9
10
28
54
63
55
51
48
48
60
70
69
77
74
76
67
63
73
85
90
78
71
68
61
68
65
58
48
54
58
48
53
57
56
59
61
60
59
51
57
73
82
82
83
79
74
79
85
85
83
83
85
88
74
59
63
56
63
65
57
39
35
36
32
26
21
23
20
18
18
14
26
48
56
62
65
65
63
59
55
56
65
67
68
73
74
67
58
49
50
51
57
59
39
21
30
44
41
30
41
52
50
61
59
57
55
48
41
42
41
54
75
89
88
83
69
61
61
60
60
55
46
47
52
58
56
67
60
51
49
38
42
60
71
75
80
87
87
76
71
72
77
90
101
108
100
95
79
70
77
85
102
107
111
101
86
65
53
47
47
45
27
24
43
56
58
58
42
24
28
26
25
16
5
11
19
30
35
38
43
57
71
88
89
94
98
98
92
86
75
54
45
34
28
28
44
61
70
79
69
48
56
62
65
65
63
59
55
56
65
67
68
73
74
67
58
49
50
51
57
59
39
21
30
44
41
30
41
52
50
61
59
57
55
48
41
42
41
54
75
89
88
83
69
61
61
60
60
55
46
47
52
58
56
67
60
51
49
38
42
60
71
75
80
87
87
76
71
72
77
90
101
108
100
95
79
70
77
85
102
107
111
101
86
65
53
47
47
45
27
24
43
56
58
58
42
24
28
26
25
16
5
11
19
30
35
38
43
57
71
88
89
94
98
98
92
86
75
54
45
34
28
28
44
61
70
79
69
46
39
36
31
40
34
35
45
44
41
30
15
14
17
31
41
41
48
57
70
72
64
61
63
72
81
92
87
91
108
125
133
129
125
116
95
93
88
67
52
48
40
38
42
37
33
41
50
59
61
49
44
35
19
0
-12
-8
1
8
9
5
-20
-36
-25
-26
-24
-16
-17
0
10
7
8
19
38
63
79
83
95
103
97
105
116
114
106
101
87
80
80
83
96
107
113
120
105
92
86
88
95
97
93
90
94
97
98
100
95
98
107
108
96
81
75
77
81
98
99
95
96
89
93
89
82
97
102
86
76
77
67
46
39
36
31
40
34
35
45
44
41
30
15
14
17
31
41
41
48
57
70
72
64
61
63
72
81
92
87
91
108
125
133
129
125
116
95
93
88
67
52
48
40
38
42
37
33
41
50
59
61
49
44
35
19
0
-12
-8
1
8
9
5
-20
-36
-25
-26
-24
-16
-17
0
10
7
8
19
38
63
79
83
95
103
97
105
116
114
106
101
87
80
80
83
96
107
113
120
105
92
86
88
95
97
93
90
94
97
98
100
95
98
107
108
96
81
75
77
81
98
99
95
96
89
93
89
82
97
102
86
76
77
67
65
78
75
62
60
57
59
55
58
46
31
37
37
28
26
14
0
8
17
15
16
13
1
-1
6
9
24
21
18
21
19
30
33
41
47
52
54
52
56
52
45
51
43
34
33
38
50
56
46
31
25
22
23
18
20
14
14
12
11
11
23
23
38
48
61
73
83
91
96
97
90
80
72
62
51
49
50
47
58
71
75
76
67
62
65
64
62
71
71
80
87
99
105
105
100
92
97
84
73
74
66
60
63
60
53
50
54
58
51
49
40
39
31
25
27
25
36
36
36
40
46
49
42
31
23
18
27
38
80
75
72
71
88
99
105
103
92
84
88
90
103
116
114
105
101
97
83
78
84
94
111
110
96
94
104
122
124
105
96
101
92
83
74
66
69
84
105
123
138
145
145
142
145
148
132
115
120
124
111
98
88
82
80
96
110
102
86
80
85
97
100
95
89
90
100
104
97
80
71
84
95
105
96
95
96
96
104
105
103
111
120
118
104
103
105
106
121
129
132
118
108
110
111
106
83
67
66
71
84
86
88
96
94
102
116
110
105
97
92
105
110
109
114
124
128
121
107
97
95
88
76
66
55
40
51
74
76
81
85
80
78
87
98
112
111
120
122
124
118
99
80
78
92
101
98
93
92
89
89
96
99
101
106
109
113
106
98
92
98
122
136
134
119
110
112
112
118
128
121
117
102
95
84
78
81
89
106
113
116
116
110
117
122
110
100
97
97
104
107
106
96
87
90
94
92
90
94
91
106
125
129
121
101
93
95
101
96
93
94
96
106
124
121
117
109
102
82
83
89
91
109
129
123
102
86
91
110
105
108
103
100
106
116
123
127
113
105
103
101
97
93
81
79
91
93
81
73
73
79
83
87
103
117
123
76
81
85
80
78
87
98
112
111
120
122
124
118
99
80
78
92
101
98
93
92
89
89
96
99
101
106
109
113
106
98
92
98
122
136
134
119
110
112
112
118
128
121
117
102
95
84
78
81
89
106
113
116
116
110
117
122
110
100
97
97
104
107
106
96
87
90
94
92
90
94
91
106
125
129
121
101
93
95
101
96
93
94
96
106
124
121
117
109
102
82
83
89
91
109
129
123
102
86
91
110
105
108
103
100
106
116
123
127
113
105
103
101
97
93
81
79
91
93
81
73
73
79
83
87
103
117
123
136
123
107
89
87
97
95
97
98
95
95
98
98
90
88
95
93
95
99
98
104
120
134
143
147
146
124
101
97
95
94
102
104
109
123
119
103
98
96
103
106
99
100
92
85
93
85
72
67
78
91
102
105
113
119
119
126
123
108
103
99
95
93
90
87
100
107
114
115
115
103
105
112
110
103
100
83
74
73
74
74
76
77
84
87
92
95
92
87
94
100
95
93
98
104
109
107
93
82
80
89
100
95
90
100
111
111
101
92
83
88
103
112
114
106
101
112
118
121
125
123
119
116
103
99
99
95
105
136
123
107
89
87
97
95
97
98
95
95
98
98
90
88
95
93
95
99
98
104
120
134
143
147
146
124
101
97
95
94
102
104
109
123
119
103
98
96
103
106
99
100
92
85
93
85
72
67
78
91
102
105
113
119
119
126
123
108
103
99
95
93
90
87
100
107
114
115
115
103
105
112
110
103
100
83
74
73
74
74
76
77
84
87
92
95
92
87
94
100
95
93
98
104
109
107
93
82
80
89
100
95
90
100
111
111
101
92
83
88
103
112
114
106
101
112
118
121
125
123
119
116
103
99
99
95
105
113
110
110
116
114
108
100
86
70
63
68
86
99
103
108
113
124
128
127
117
99
88
97
105
110
106
103
110
106
99
94
88
89
102
112
118
136
147
138
126
113
98
90
84
95
98
90
82
70
69
85
95
99
99
95
100
98
104
116
108
95
86
80
83
78
78
86
99
105
97
93
98
89
84
87
84
78
92
112
120
117
105
111
119
128
142
140
118
96
80
88
90
79
72
74
79
87
94
88
95
105
116
114
106
99
94
102
120
120
111
103
105
110
103
91
89
92
105
116
110
102
100
98
96
96
97
99
104
113
110
110
116
114
108
100
86
70
63
68
86
99
103
108
113
124
128
127
117
99
88
97
105
110
106
103
110
106
99
94
88
89
102
112
118
136
147
138
126
113
98
90
84
95
98
90
82
70
69
85
95
99
99
95
100
98
104
116
108
95
86
80
83
78
78
86
99
105
97
93
98
89
84
87
84
78
92
112
120
117
105
111
119
128
142
140
118
96
80
88
90
79
72
74
79
87
94
88
95
105
116
114
106
99
94
102
120
120
111
103
105
110
103
91
89
92
105
116
110
102
100
98
96
96
97
99
104
108
121
137
147
153
146
142
129
113
102
93
96
106
121
125
114
90
79
72
70
72
85
104
103
95
94
86
83
85
85
93
92
87
86
89
94
102
110
114
120
112
99
101
108
105
106
114
115
117
118
114
116
119
99
73
53
48
62
82
98
97
94
88
88
96
102
109
112
113
110
105
101
108
120
124
121
113
112
109
117
116
108
92
89
90
82
85
90
85
94
97
98
92
80
77
89
106
116
107
97
102
111
115
119
115
110
124
131
127
111
108
111
118
121
116
102
95
99
100
96
84
79
75
75
79
77
79
90
108
121
137
147
153
146
142
129
113
102
93
96
106
121
125
114
90
79
72
70
72
85
104
103
95
94
86
83
85
85
93
92
87
86
89
94
102
110
114
120
112
99
101
108
105
106
114
115
117
118
114
116
119
99
73
53
48
62
82
98
97
94
88
88
96
102
109
112
113
110
105
101
108
120
124
121
113
112
109
117
116
108
92
89
90
82
85
90
85
94
97
98
92
80
77
89
106
116
107
97
102
111
115
119
115
110
124
131
127
111
108
111
118
121
116
102
95
99
100
96
84
79
75
75
79
77
79
90
103
108
120
118
109
102
99
100
99
99
102
110
121
115
98
77
81
101
121
120
101
76
69
85
87
78
79
91
99
106
105
103
92
90
90
84
81
78
87
114
123
126
114
97
99
103
111
102
98
96
108
121
138
138
132
121
113
101
92
93
107
127
133
133
128
116
105
95
91
101
106
114
114
102
81
69
61
64
87
99
113
120
108
94
91
92
93
85
75
81
104
118
129
135
131
127
124
124
110
101
94
80
73
75
82
90
95
100
110
113
115
116
126
132
131
121
111
92
78
73
66
63
79
100
104
107
115
105
103
108
120
118
109
102
99
100
99
99
102
110
121
115
98
77
81
101
121
120
101
76
69
85
87
78
79
91
99
106
105
103
92
90
90
84
81
78
87
114
123
126
114
97
99
103
111
102
98
96
108
121
138
138
132
121
113
101
92
93
107
127
133
133
128
116
105
95
91
101
106
114
114
102
81
69
61
64
87
99
113
120
108
94
91
92
93
85
75
81
104
118
129
135
131
127
124
124
110
101
94
80
73
75
82
90
95
100
110
113
115
116
126
132
131
121
111
92
78
73
66
63
79
100
104
107
115
105
94
87
87
88
86
99
111
110
109
103
88
83
85
94
110
115
116
105
103
100
101
96
90
95
99
100
92
80
94
116
128
141
149
143
126
121
131
124
116
110
106
93
96
96
86
91
108
110
105
107
107
100
89
71
70
83
96
120
134
127
108
96
99
102
95
91
96
106
111
102
91
79
83
94
103
102
98
101
102
96
98
99
88
80
69
62
54
58
75
94
103
113
109
103
111
114
105
102
99
98
98
110
108
106
108
113
110
110
106
96
91
91
99
105
97
93
99
107
109
101
94
102
112
111
99
101
96
87
94
87
87
88
86
99
111
110
109
103
88
83
85
94
110
115
116
105
103
100
101
96
90
95
99
100
92
80
94
116
128
141
149
143
126
121
131
124
116
110
106
93
96
96
86
91
108
110
105
107
107
100
89
71
70
83
96
120
134
127
108
96
99
102
95
91
96
106
111
102
91
79
83
94
103
102
98
101
102
96
98
99
88
80
69
62
54
58
75
94
103
113
109
103
111
114
105
102
99
98
98
110
108
106
108
113
110
110
106
96
91
91
99
105
97
93
99
107
109
101
94
102
112
111
99
101
96
87
97
106
95
89
90
93
94
97
92
83
87
96
89
87
77
69
67
86
96
101
108
106
91
84
85
91
108
118
112
110
116
116
111
112
124
130
125
118
117
113
108
110
109
106
113
122
130
133
116
107
102
100
95
95
89
86
82
79
75
81
89
93
100
102
106
116
129
137
147
136
124
107
94
86
78
79
76
74
91
102
101
96
92
90
89
87
83
85
94
108
111
120
114
112
118
110
99
95
90
96
100
100
97
90
91
106
117
113
104
95
94
100
100
100
105
110
115
112
104
107
111
103
100
98
80
63
68
91
