Gv3c1090_96
0
RAW_AUDIO_CHW
3,7,256
73
78
87
89
81
79
78
88
80
70
61
53
59
55
68
78
86
88
86
59
40
33
35
56
72
77
82
78
67
70
66
76
82
84
99
116
124
120
105
89
84
71
63
64
68
78
89
97
94
81
67
63
56
60
77
90
103
111
124
131
114
96
78
61
54
48
63
93
114
129
126
113
95
76
63
67
80
88
90
86
80
80
66
45
34
40
59
55
62
82
99
96
90
83
68
44
30
35
49
73
94
97
91
74
57
44
39
47
70
84
83
74
74
76
74
67
71
65
66
77
82
93
93
98
104
104
103
90
81
92
101
111
117
114
111
100
91
88
88
106
123
134
127
116
108
96
91
92
98
99
96
100
108
118
123
110
98
94
74
60
54
49
60
80
83
78
66
59
54
68
80
82
73
71
86
89
89
92
89
72
65
60
54
65
72
74
80
78
68
65
72
81
90
84
76
75
76
86
78
76
74
86
101
101
89
85
79
79
88
83
77
71
54
52
62
70
83
90
90
100
87
76
89
102
114
120
101
84
83
87
90
99
93
83
82
75
80
70
73
87
92
85
71
43
25
43
79
97
106
100
78
63
47
40
45
48
81
92
101
111
117
114
111
100
91
88
88
106
123
134
127
116
108
96
91
92
98
99
96
100
108
118
123
110
98
94
74
60
54
49
60
80
83
78
66
59
54
68
80
82
73
71
86
89
89
92
89
72
65
60
54
65
72
74
80
78
68
65
72
81
90
84
76
75
76
86
78
76
74
86
101
101
89
85
79
79
88
83
77
71
54
52
62
70
83
90
90
100
87
76
89
102
114
120
101
84
83
87
90
99
93
83
82
75
80
70
73
87
92
85
71
43
25
43
79
97
106
100
78
63
47
40
45
48
55
59
54
50
38
37
50
70
90
93
84
73
67
74
69
50
39
48
43
35
37
32
41
62
74
78
74
65
66
66
66
63
51
52
59
74
91
107
115
124
132
126
113
102
101
100
100
95
82
69
68
85
108
118
112
107
106
108
113
111
124
142
139
122
106
94
102
110
109
87
71
69
72
85
99
118
110
76
59
50
50
39
39
52
55
60
57
45
49
52
56
76
88
101
103
94
83
83
84
86
87
81
78
77
82
106
121
123
120
111
106
111
124
131
137
151
149
137
127
109
92
77
71
83
87
87
87
91
55
59
54
50
38
37
50
70
90
93
84
73
67
74
69
50
39
48
43
35
37
32
41
62
74
78
74
65
66
66
66
63
51
52
59
74
91
107
115
124
132
126
113
102
101
100
100
95
82
69
68
85
108
118
112
107
106
108
113
111
124
142
139
122
106
94
102
110
109
87
71
69
72
85
99
118
110
76
59
50
50
39
39
52
55
60
57
45
49
52
56
76
88
101
103
94
83
83
84
86
87
81
78
77
82
106
121
123
120
111
106
111
124
131
137
151
149
137
127
109
92
77
71
83
87
87
87
91
98
86
68
58
51
65
78
84
84
85
78
63
42
21
7
8
13
22
27
40
51
48
56
44
17
9
5
13
41
46
59
74
75
71
75
72
68
77
84
104
120
113
109
109
94
84
76
87
108
127
133
129
140
156
178
187
174
156
130
101
99
116
121
119
105
91
85
73
60
46
50
63
82
83
74
61
52
46
38
40
44
42
52
59
72
79
80
76
66
63
68
73
77
99
115
111
108
95
93
87
103
120
130
142
146
137
116
99
89
86
92
100
102
103
105
93
84
75
61
60
69
58
47
38
31
38
40
28
98
86
68
58
51
65
78
84
84
85
78
63
42
21
7
8
13
22
27
40
51
48
56
44
17
9
5
13
41
46
59
74
75
71
75
72
68
77
84
104
120
113
109
109
94
84
76
87
108
127
133
129
140
156
178
187
174
156
130
101
99
116
121
119
105
91
85
73
60
46
50
63
82
83
74
61
52
46
38
40
44
42
52
59
72
79
80
76
66
63
68
73
77
99
115
111
108
95
93
87
103
120
130
142
146
137
116
99
89
86
92
100
102
103
105
93
84
75
61
60
69
58
47
38
31
38
40
28
26
26
36
48
42
39
34
36
39
44
42
40
31
9
-1
3
19
45
64
89
109
115
118
113
109
110
102
91
88
91
85
90
97
83
73
61
52
53
52
58
66
61
59
59
55
47
46
44
35
40
48
71
93
106
124
134
128
119
121
138
146
149
136
124
126
132
126
126
134
146
155
155
154
156
153
135
126
122
136
162
169
164
160
136
100
75
66
70
75
76
84
92
83
80
78
74
69
58
48
56
63
62
56
49
39
47
36
17
12
11
12
12
17
14
27
34
45
58
45
26
19
-4
-8
-6
-17
-6
9
18
26
26
36
48
42
39
34
36
39
44
42
40
31
9
-1
3
19
45
64
89
109
115
118
113
109
110
102
91
88
91
85
90
97
83
73
61
52
53
52
58
66
61
59
59
55
47
46
44
35
40
48
71
93
106
124
134
128
119
121
138
146
149
136
124
126
132
126
126
134
146
155
155
154
156
153
135
126
122
136
162
169
164
160
136
100
75
66
70
75
76
84
92
83
80
78
74
69
58
48
56
63
62
56
49
39
47
36
17
12
11
12
12
17
14
27
34
45
58
45
26
19
-4
-8
-6
-17
-6
9
18
22
25
25
37
59
74
82
66
61
77
85
99
123
147
166
172
174
175
172
167
188
223
250
250
228
193
165
147
142
157
147
134
136
122
110
96
102
104
106
94
61
22
5
2
9
15
23
18
9
4
-4
-5
-3
-2
13
25
39
58
71
75
81
81
67
66
83
104
118
111
87
67
61
66
57
48
51
66
88
105
96
85
89
80
74
79
85
96
96
98
104
93
82
89
91
82
82
68
61
68
80
77
62
33
10
2
4
12
17
24
36
57
54
50
38
16
28
42
45
54
63
81
87
90
90
89
83
77
82
85
22
25
25
37
59
74
82
66
61
77
85
99
123
147
166
172
174
175
172
167
188
223
250
250
228
193
165
147
142
157
147
134
136
122
110
96
102
104
106
94
61
22
5
2
9
15
23
18
9
4
-4
-5
-3
-2
13
25
39
58
71
75
81
81
67
66
83
104
118
111
87
67
61
66
57
48
51
66
88
105
96
85
89
80
74
79
85
96
96
98
104
93
82
89
91
82
82
68
61
68
80
77
62
33
10
2
4
12
17
24
36
57
54
50
38
16
28
42
45
54
63
81
87
90
90
89
83
77
82
85
90
115
114
114
111
96
83
60
44
46
47
56
60
78
91
99
99
103
105
117
129
128
123
119
119
143
156
144
127
102
86
83
91
107
141
174
192
192
170
142
145
144
136
119
106
115
122
102
97
96
104
119
129
141
153
159
144
130
126
120
119
109
88
91
105
109
114
105
85
66
27
5
-25
-50
-65
-79
-73
-81
-96
-105
-108
-99
-98
-82
-66
-59
-41
-32
-19
5
17
24
32
41
45
48
57
69
82
85
86
83
79
88
88
80
79
80
89
109
125
153
176
188
175
173
182
177
166
152
143
145
142
131
115
93
81
80
90
115
114
114
111
96
83
60
44
46
47
56
60
78
91
99
99
103
105
117
129
128
123
119
119
143
156
144
127
102
86
83
91
107
141
174
192
192
170
142
145
144
136
119
106
115
122
102
97
96
104
119
129
141
153
159
144
130
126
120
119
109
88
91
105
109
114
105
85
66
27
5
-25
-50
-65
-79
-73
-81
-96
-105
-108
-99
-98
-82
-66
-59
-41
-32
-19
5
17
24
32
41
45
48
57
69
82
85
86
83
79
88
88
80
79
80
89
109
125
153
176
188
175
173
182
177
166
152
143
145
142
131
115
93
81
80
78
74
74
95
101
119
123
104
95
88
78
76
85
87
97
104
103
110
85
72
73
70
70
76
78
76
83
88
110
126
130
138
158
182
192
186
179
187
196
195
189
163
131
128
118
107
115
109
94
81
71
63
53
52
61
90
121
120
96
58
37
39
35
43
39
31
30
7
-1
-1
5
9
16
17
4
4
7
29
51
51
43
36
35
37
29
22
19
19
27
35
48
66
91
106
115
134
140
138
146
158
176
186
186
179
178
183
165
132
105
87
63
39
10
-8
-27
-41
-53
-54
-66
-66
-58
-61
-61
-56
-67
-68
-33
0
72
64
72
71
57
66
78
96
99
82
68
63
65
86
99
112
129
128
106
83
51
27
28
37
50
57
48
40
25
23
30
24
12
20
36
54
63
60
48
33
22
17
7
5
14
44
67
72
62
50
37
23
23
34
49
55
55
76
81
78
80
67
56
45
30
25
29
49
73
83
88
71
55
43
39
43
40
44
51
48
58
72
63
53
58
67
73
88
101
118
136
141
148
140
113
100
91
79
79
76
84
98
78
57
38
2
-14
-7
-1
-7
-17
-29
-28
-20
-27
-34
-35
-40
-41
-25
-18
-2
30
51
66
75
71
82
103
123
149
164
162
152
148
139
138
133
130
147
169
165
154
143
140
145
151
148
142
118
94
77
82
85
90
84
73
56
31
-1
-21
-30
-27
-11
-27
-43
-60
-80
-88
-82
-68
-66
-61
-48
-24
-1
13
37
58
55
46
42
51
63
82
94
95
104
99
102
126
119
108
109
94
81
76
73
82
79
72
78
78
71
64
53
56
56
50
29
22
10
1
-1
2
0
-2
13
20
19
10
6
26
42
47
53
42
29
32
39
56
67
78
89
83
91
99
105
111
131
139
133
123
110
116
126
143
158
150
145
126
112
103
100
106
121
103
123
149
164
162
152
148
139
138
133
130
147
169
165
154
143
140
145
151
148
142
118
94
77
82
85
90
84
73
56
31
-1
-21
-30
-27
-11
-27
-43
-60
-80
-88
-82
-68
-66
-61
-48
-24
-1
13
37
58
55
46
42
51
63
82
94
95
104
99
102
126
119
108
109
94
81
76
73
82
79
72
78
78
71
64
53
56
56
50
29
22
10
1
-1
2
0
-2
13
20
19
10
6
26
42
47
53
42
29
32
39
56
67
78
89
83
91
99
105
111
131
139
133
123
110
116
126
143
158
150
145
126
112
103
100
106
121
119
117
103
79
75
76
81
96
96
106
108
86
77
80
70
51
39
33
23
18
6
12
19
30
52
45
43
54
61
66
73
76
80
83
100
112
110
112
121
128
132
127
108
87
71
43
16
-10
-28
-42
-39
-26
-29
-27
-31
-48
-62
-67
-80
-85
-84
-73
-75
-85
-92
-98
-91
-96
-108
-117
-129
-126
-102
-82
-56
-33
-27
-32
-33
-12
11
30
58
83
98
108
136
145
143
154
164
178
190
178
186
193
187
183
166
143
141
134
139
157
172
178
176
163
137
119
108
97
92
82
75
85
84
79
78
69
44
33
41
57
64
61
73
75
119
117
103
79
75
76
81
96
96
106
108
86
77
80
70
51
39
33
23
18
6
12
19
30
52
45
43
54
61
66
73
76
80
83
100
112
110
112
121
128
132
127
108
87
71
43
16
-10
-28
-42
-39
-26
-29
-27
-31
-48
-62
-67
-80
-85
-84
-73
-75
-85
-92
-98
-91
-96
-108
-117
-129
-126
-102
-82
-56
-33
-27
-32
-33
-12
11
30
58
83
98
108
136
145
143
154
164
178
190
178
186
193
187
183
166
143
141
134
139
157
172
178
176
163
137
119
108
97
92
82
75
85
84
79
78
69
44
33
41
57
64
61
73
75
63
58
44
26
28
38
55
71
82
102
116
120
115
115
119
126
136
140
151
172
182
197
188
161
128
97
87
92
107
115
115
106
93
63
44
28
16
4
-1
-3
-19
-37
-42
-49
-63
-72
-87
-101
-103
-96
-95
-95
-79
-55
-45
-42
-52
-78
-109
-106
-86
-65
-47
-40
-31
-24
-14
-4
5
27
43
65
94
109
115
128
129
127
128
115
113
118
124
151
164
154
152
146
123
111
114
131
138
145
147
131
113
95
84
82
88
92
86
88
93
84
89
84
71
70
62
52
42
42
45
52
64
52
42
35
29
33
24
15
1
-8
0
-4
63
58
44
26
28
38
55
71
82
102
116
120
115
115
119
126
136
140
151
172
182
197
188
161
128
97
87
92
107
115
115
106
93
63
44
28
16
4
-1
-3
-19
-37
-42
-49
-63
-72
-87
-101
-103
-96
-95
-95
-79
-55
-45
-42
-52
-78
-109
-106
-86
-65
-47
-40
-31
-24
-14
-4
5
27
43
65
94
109
115
128
129
127
128
115
113
118
124
151
164
154
152
146
123
111
114
131
138
145
147
131
113
95
84
82
88
92
86
88
93
84
89
84
71
70
62
52
42
42
45
52
64
52
42
35
29
33
24
15
1
-8
0
-4
-6
-2
-4
-3
-9
-18
-24
-18
-1
2
12
17
5
-6
-12
-9
7
21
31
44
70
72
73
80
82
89
97
85
64
47
44
67
91
97
98
82
62
58
65
57
61
91
107
105
88
78
82
85
83
89
91
98
107
117
122
126
122
126
140
137
126
116
95
93
100
99
87
69
59
72
80
96
101
97
77
53
35
26
34
51
58
64
54
31
-2
-19
-12
0
14
23
29
23
13
11
14
16
22
24
28
32
39
31
29
55
52
52
36
13
19
36
38
44
53
68
74
81
95
97
104
102
91
77
56
49
50
46
42
28
-6
-2
-4
-3
-9
-18
-24
-18
-1
2
12
17
5
-6
-12
-9
7
21
31
44
70
72
73
80
82
89
97
85
64
47
44
67
91
97
98
82
62
58
65
57
61
91
107
105
88
78
82
85
83
89
91
98
107
117
122
126
122
126
140
137
126
116
95
93
100
99
87
69
59
72
80
96
101
97
77
53
35
26
34
51
58
64
54
31
-2
-19
-12
0
14
23
29
23
13
11
14
16
22
24
28
32
39
31
29
55
52
52
36
13
19
36
38
44
53
68
74
81
95
97
104
102
91
77
56
49
50
46
42
28
20
21
15
19
41
53
60
47
25
26
31
38
63
75
81
93
93
88
89
97
128
157
169
175
172
144
115
96
94
103
103
95
95
86
75
88
97
95
102
90
67
40
30
36
47
57
59
54
46
24
9
6
12
21
13
14
5
-5
-2
-5
-1
-7
-23
-18
-5
12
22
36
33
23
28
23
36
56
66
72
90
107
113
100
95
89
84
79
75
83
98
107
108
93
80
78
78
79
88
74
67
71
70
64
62
53
33
23
21
19
12
14
25
38
36
21
1
-15
-23
-16
-16
-16
-5
-1
14
22
11
11
-3
-8
-2
-6
20
21
15
19
41
53
60
47
25
26
31
38
63
75
81
93
93
88
89
97
128
157
169
175
172
144
115
96
94
103
103
95
95
86
75
88
97
95
102
90
67
40
30
36
47
57
59
54
46
24
9
6
12
21
13
14
5
-5
-2
-5
-1
-7
-23
-18
-5
12
22
36
33
23
28
23
36
56
66
72
90
107
113
100
95
89
84
79
75
83
98
107
108
93
80
78
78
79
88
74
67
71
70
64
62
53
33
23
21
19
12
14
25
38
36
21
1
-15
-23
-16
-16
-16
-5
-1
14
22
11
11
-3
-8
-2
-6
2
11
29
45
49
46
47
53
38
27
30
22
26
40
44
56
63
55
55
65
82
88
87
81
89
98
87
81
74
55
46
51
68
87
96
106
119
121
112
101
87
95
111
111
114
110
101
116
145
174
191
198
203
200
199
193
178
168
156
162
170
154
134
116
120
128
125
115
83
59
18
-34
-76
-121
-146
-147
-140
-142
-140
-119
-96
-78
-66
-47
-36
-38
-19
7
35
74
107
126
142
151
151
153
159
170
195
199
200
191
165
150
133
104
79
84
90
102
126
134
159
182
179
188
180
166
147
121
106
85
53
9
-45
-104
-149
-171
2
11
29
45
49
46
47
53
38
27
30
22
26
40
44
56
63
55
55
65
82
88
87
81
89
98
87
81
74
55
46
51
68
87
96
106
119
121
112
101
87
95
111
111
114
110
101
116
145
174
191
198
203
200
199
193
178
168
156
162
170
154
134
116
120
128
125
115
83
59
18
-34
-76
-121
-146
-147
-140
-142
-140
-119
-96
-78
-66
-47
-36
-38
-19
7
35
74
107
126
142
151
151
153
159
170
195
199
200
191
165
150
133
104
79
84
90
102
126
134
159
182
179
188
180
166
147
121
106
85
53
9
-45
-104
-149
-171
-214
-241
-233
-214
-185
-166
-162
-161
-167
-161
-146
-121
-81
-46
3
39
71
105
131
165
192
219
230
227
237
248
254
247
246
247
232
220
208
193
174
139
115
113
95
87
73
52
29
21
12
5
8
13
10
-3
-1
-7
-6
6
19
26
32
26
21
12
-1
23
38
39
47
47
46
46
41
33
38
38
49
38
6
-8
-28
-29
-23
-16
-8
-4
-16
-27
-29
-34
-33
-33
-44
-46
-36
-38
-21
-6
8
26
28
20
6
2
9
26
29
23
32
41
30
16
14
19
35
59
88
101
122
138
145
135
110
96
89
100
116
116
109
111
129
143
104
107
116
118
120
127
141
148
144
129
116
107
107
122
125
132
140
133
115
89
64
47
40
60
88
88
72
59
49
58
57
48
65
92
114
132
137
126
117
116
106
86
71
72
75
94
117
128
117
99
95
87
94
100
101
110
126
139
148
144
122
116
117
104
93
98
109
140
159
155
155
145
132
122
122
104
98
107
108
109
115
104
82
64
63
66
67
76
90
100
106
126
132
117
109
106
98
100
109
136
164
165
154
133
96
80
86
98
106
105
95
88
94
86
72
61
58
46
44
39
46
64
78
95
98
91
76
64
66
75
89
94
94
91
85
80
75
69
87
124
133
128
108
96
97
103
111
116
104
92
89
89
98
109
130
142
140
130
102
76
62
69
92
100
97
88
80
72
71
76
80
75
80
92
94
87
88
102
108
98
83
73
67
70
78
72
72
72
81
101
114
114
116
113
115
118
121
132
126
132
150
164
159
150
139
132
137
138
132
115
113
111
97
94
97
94
108
126
132
123
104
95
113
136
142
136
121
107
103
97
96
103
113
119
117
109
106
112
126
137
135
115
82
68
71
92
111
114
117
101
78
65
58
60
80
94
66
75
89
94
94
91
85
80
75
69
87
124
133
128
108
96
97
103
111
116
104
92
89
89
98
109
130
142
140
130
102
76
62
69
92
100
97
88
80
72
71
76
80
75
80
92
94
87
88
102
108
98
83
73
67
70
78
72
72
72
81
101
114
114
116
113
115
118
121
132
126
132
150
164
159
150
139
132
137
138
132
115
113
111
97
94
97
94
108
126
132
123
104
95
113
136
142
136
121
107
103
97
96
103
113
119
117
109
106
112
126
137
135
115
82
68
71
92
111
114
117
101
78
65
58
60
80
94
94
84
64
55
61
68
98
119
125
130
125
119
120
122
115
112
105
95
81
74
76
93
108
124
121
114
111
110
120
122
117
119
120
119
120
121
127
141
145
150
152
138
120
117
111
98
84
66
59
55
56
65
70
65
61
61
41
39
43
50
64
75
71
70
66
78
92
94
97
106
112
120
128
146
163
162
148
133
118
110
105
98
104
110
108
113
110
101
107
103
105
115
119
122
122
106
101
98
92
90
82
61
64
77
98
118
120
110
103
103
102
99
91
105
125
135
133
123
110
96
85
76
86
94
96
108
114
107
94
84
64
55
61
68
98
119
125
130
125
119
120
122
115
112
105
95
81
74
76
93
108
124
121
114
111
110
120
122
117
119
120
119
120
121
127
141
145
150
152
138
120
117
111
98
84
66
59
55
56
65
70
65
61
61
41
39
43
50
64
75
71
70
66
78
92
94
97
106
112
120
128
146
163
162
148
133
118
110
105
98
104
110
108
113
110
101
107
103
105
115
119
122
122
106
101
98
92
90
82
61
64
77
98
118
120
110
103
103
102
99
91
105
125
135
133
123
110
96
85
76
86
94
96
108
114
107
105
111
104
97
101
111
112
114
127
143
145
127
107
90
74
64
58
70
94
107
118
115
100
77
56
49
53
61
72
90
102
111
107
102
107
110
111
115
117
122
116
114
103
88
79
74
70
60
57
60
51
53
78
96
112
122
115
100
91
97
104
121
134
139
130
116
106
93
87
90
90
99
100
101
100
97
95
88
75
70
71
63
71
90
95
94
85
71
55
33
27
29
27
33
31
17
6
-1
-1
10
28
51
75
97
103
105
110
105
103
107
112
107
105
104
108
119
118
115
113
115
114
108
104
97
93
104
105
104
105
111
104
97
101
111
112
114
127
143
145
127
107
90
74
64
58
70
94
107
118
115
100
77
56
49
53
61
72
90
102
111
107
102
107
110
111
115
117
122
116
114
103
88
79
74
70
60
57
60
51
53
78
96
112
122
115
100
91
97
104
121
134
139
130
116
106
93
87
90
90
99
100
101
100
97
95
88
75
70
71
63
71
90
95
94
85
71
55
33
27
29
27
33
31
17
6
-1
-1
10
28
51
75
97
103
105
110
105
103
107
112
107
105
104
108
119
118
115
113
115
114
108
104
97
93
104
105
104
116
118
125
132
134
133
137
151
160
167
175
173
167
166
170
167
167
171
185
217
238
242
244
247
241
235
222
192
158
150
164
178
181
179
170
145
127
118
108
100
108
119
121
98
78
65
52
45
44
41
45
52
55
61
69
57
51
64
75
75
65
46
44
56
66
76
70
66
78
84
99
111
118
119
104
81
71
78
91
108
127
139
142
117
98
102
112
121
142
160
166
174
173
171
175
178
178
184
186
182
158
132
133
129
97
64
29
10
7
4
-12
-21
-10
2
8
21
37
44
46
54
51
46
47
49
44
45
50
53
116
118
125
132
134
133
137
151
160
167
175
173
167
166
170
167
167
171
185
217
238
242
244
247
241
235
222
192
158
150
164
178
181
179
170
145
127
118
108
100
108
119
121
98
78
65
52
45
44
41
45
52
55
61
69
57
51
64
75
75
65
46
44
56
66
76
70
66
78
84
99
111
118
119
104
81
71
78
91
108
127
139
142
117
98
102
112
121
142
160
166
174
173
171
175
178
178
184
186
182
158
132
133
129
97
64
29
10
7
4
-12
-21
-10
2
8
21
37
44
46
54
51
46
47
49
44
45
50
53
48
41
43
58
65
59
44
34
37
42
38
50
69
79
73
67
56
39
39
66
95
114
131
143
135
119
99
89
96
109
122
121
112
108
108
116
131
153
156
146
130
113
114
124
134
150
163
163
142
117
107
120
132
131
127
115
105
111
105
96
90
73
58
57
57
53
56
61
59
68
71
73
86
97
110
123
138
153
151
137
130
123
112
108
107
121
139
143
139
138
141
151
152
152
152
153
155
164
161
155
154
150
139
121
118
109
107
115
132
133
123
100
83
83
83
74
70
72
76
73
69
58
50
46
41
48
41
41
48
41
43
58
65
59
44
34
37
42
38
50
69
79
73
67
56
39
39
66
95
114
131
143
135
119
99
89
96
109
122
121
112
108
108
116
131
153
156
146
130
113
114
124
134
150
163
163
142
117
107
120
132
131
127
115
105
111
105
96
90
73
58
57
57
53
56
61
59
68
71
73
86
97
110
123
138
153
151
137
130
123
112
108
107
121
139
143
139
138
141
151
152
152
152
153
155
164
161
155
154
150
139
121
118
109
107
115
132
133
123
100
83
83
83
74
70
72
76
73
69
58
50
46
41
48
41
41
39
53
72
79
81
82
83
81
83
82
76
79
95
110
124
139
138
136
146
160
167
161
143
134
136
129
119
105
83
68
48
46
50
52
64
77
84
63
38
21
24
40
44
44
38
26
26
39
58
69
71
74
69
58
50
42
19
8
13
23
28
21
27
46
74
110
144
163
185
208
214
214
213
214
229
247
255
245
250
263
275
278
268
250
219
198
185
173
173
172
166
151
133
113
92
75
71
76
81
86
81
68
60
45
23
0
-5
-8
-13
-6
7
19
34
51
67
66
54
47
41
52
79
108
132
140
141
152
169
162
39
53
72
79
81
82
83
81
83
82
76
79
95
110
124
139
138
136
146
160
167
161
143
134
136
129
119
105
83
68
48
46
50
52
64
77
84
63
38
21
24
40
44
44
38
26
26
39
58
69
71
74
69
58
50
42
19
8
13
23
28
21
27
46
74
110
144
163
185
208
214
214
213
214
229
247
255
245
250
263
275
278
268
250
219
198
185
173
173
172
166
151
133
113
92
75
71
76
81
86
81
68
60
45
23
0
-5
-8
-13
-6
7
19
34
51
67
66
54
47
41
52
79
108
132
140
141
152
169
162
152
160
172
195
205
199
183
153
119
95
79
65
54
55
57
58
52
36
26
28
29
25
9
-2
-2
-1
1
-1
6
16
27
46
62
73
74
83
110
134
150
168
184
185
180
177
165
169
184
196
193
180
168
162
165
167
176
174
165
154
141
136
129
129
124
130
128
114
96
83
81
85
96
98
94
75
70
68
78
94
105
120
141
140
127
113
109
105
102
87
67
43
41
53
66
71
82
79
54
26
7
-1
-6
-19
-33
-38
-46
-59
-74
-74
-48
-25
2
36
72
105
148
187
213
220
225
236
252
263
270
275
290
315
339
341
