Gv3c1090_215
0
RAW_AUDIO_CHW
3,7,256
121
158
200
193
187
176
115
98
123
124
109
108
132
134
86
70
101
114
110
109
112
128
139
125
101
114
117
92
84
75
89
107
111
130
143
161
172
136
95
79
48
39
64
57
72
112
77
48
47
14
2
18
8
25
74
68
47
49
37
47
73
52
55
71
47
38
37
34
53
54
29
49
71
67
61
42
33
78
145
181
192
193
158
123
79
45
50
6
-5
76
92
85
70
50
57
54
56
72
58
49
63
53
31
21
-26
-83
-63
-32
-24
22
23
-16
3
17
-20
-41
-14
3
16
15
31
67
74
52
99
175
205
230
257
237
201
166
150
160
166
155
122
71
64
64
48
59
104
165
172
137
147
120
70
98
110
82
95
106
63
54
65
30
43
88
101
86
59
35
6
0
15
31
78
112
118
145
148
114
80
38
-1
47
85
43
25
65
48
35
50
54
83
115
106
102
92
79
31
-10
3
23
57
67
67
119
144
137
132
159
197
219
216
165
142
131
55
49
98
83
106
163
179
193
229
205
179
180
108
73
82
49
39
51
29
12
4
-12
-15
31
66
33
23
39
60
91
87
70
55
76
85
72
91
93
45
39
48
37
57
28
-9
15
257
237
201
166
150
160
166
155
122
71
64
64
48
59
104
165
172
137
147
120
70
98
110
82
95
106
63
54
65
30
43
88
101
86
59
35
6
0
15
31
78
112
118
145
148
114
80
38
-1
47
85
43
25
65
48
35
50
54
83
115
106
102
92
79
31
-10
3
23
57
67
67
119
144
137
132
159
197
219
216
165
142
131
55
49
98
83
106
163
179
193
229
205
179
180
108
73
82
49
39
51
29
12
4
-12
-15
31
66
33
23
39
60
91
87
70
55
76
85
72
91
93
45
39
48
37
57
28
-9
15
36
50
79
95
143
217
224
195
177
165
138
142
157
154
183
179
135
186
221
165
148
145
134
144
131
95
35
11
36
31
58
75
39
19
12
-15
0
60
112
144
154
99
61
59
41
44
11
-28
19
72
47
32
51
43
50
77
97
103
65
26
17
15
25
23
28
65
75
52
48
72
119
131
155
160
127
104
89
122
117
72
61
7
-1
43
12
5
37
18
19
68
94
78
71
77
75
95
121
130
194
243
210
177
129
106
121
118
123
101
89
121
86
38
72
76
37
16
23
38
13
5
10
-1
-3
-1
-1
15
51
88
36
50
79
95
143
217
224
195
177
165
138
142
157
154
183
179
135
186
221
165
148
145
134
144
131
95
35
11
36
31
58
75
39
19
12
-15
0
60
112
144
154
99
61
59
41
44
11
-28
19
72
47
32
51
43
50
77
97
103
65
26
17
15
25
23
28
65
75
52
48
72
119
131
155
160
127
104
89
122
117
72
61
7
-1
43
12
5
37
18
19
68
94
78
71
77
75
95
121
130
194
243
210
177
129
106
121
118
123
101
89
121
86
38
72
76
37
16
23
38
13
5
10
-1
-3
-1
-1
15
51
88
104
92
98
94
87
96
80
67
71
55
56
62
55
66
64
88
117
124
127
134
166
137
67
49
53
74
79
73
77
82
70
84
100
77
19
-1
28
55
80
79
27
-16
-23
-36
-44
-32
-29
-38
-62
-58
-30
6
17
7
59
84
47
67
89
64
82
116
143
190
198
162
109
91
75
61
89
82
72
77
35
47
85
47
55
99
92
95
142
144
108
125
129
106
144
158
140
191
232
203
199
207
188
177
193
176
147
146
151
154
156
174
183
213
237
219
212
224
202
164
125
96
95
118
104
57
33
18
37
38
6
29
51
26
104
92
98
94
87
96
80
67
71
55
56
62
55
66
64
88
117
124
127
134
166
137
67
49
53
74
79
73
77
82
70
84
100
77
19
-1
28
55
80
79
27
-16
-23
-36
-44
-32
-29
-38
-62
-58
-30
6
17
7
59
84
47
67
89
64
82
116
143
190
198
162
109
91
75
61
89
82
72
77
35
47
85
47
55
99
92
95
142
144
108
125
129
106
144
158
140
191
232
203
199
207
188
177
193
176
147
146
151
154
156
174
183
213
237
219
212
224
202
164
125
96
95
118
104
57
33
18
37
38
6
29
51
26
21
40
21
10
41
13
-24
9
34
28
33
43
44
47
89
125
103
95
77
40
21
-3
31
71
67
123
178
136
82
66
36
9
15
53
68
41
21
65
66
7
22
49
35
64
106
60
55
93
64
44
85
122
77
42
58
75
81
95
106
114
105
77
80
54
47
82
21
-18
59
124
102
98
140
137
116
150
148
104
108
90
64
85
124
122
112
133
122
89
65
44
93
139
84
87
87
39
71
100
62
47
39
13
8
31
66
80
55
75
97
62
42
52
4
-24
12
49
61
96
107
88
33
7
21
-4
0
41
-1
-17
21
40
21
10
41
13
-24
9
34
28
33
43
44
47
89
125
103
95
77
40
21
-3
31
71
67
123
178
136
82
66
36
9
15
53
68
41
21
65
66
7
22
49
35
64
106
60
55
93
64
44
85
122
77
42
58
75
81
95
106
114
105
77
80
54
47
82
21
-18
59
124
102
98
140
137
116
150
148
104
108
90
64
85
124
122
112
133
122
89
65
44
93
139
84
87
87
39
71
100
62
47
39
13
8
31
66
80
55
75
97
62
42
52
4
-24
12
49
61
96
107
88
33
7
21
-4
0
41
-1
-17
43
89
107
93
62
75
88
85
74
79
79
70
106
119
129
171
145
96
100
98
86
91
101
127
135
112
108
110
111
94
105
128
115
123
105
80
117
145
119
115
120
76
30
35
51
66
74
69
102
115
78
117
156
131
129
151
168
193
228
233
208
191
156
123
129
136
131
103
85
89
91
57
8
-22
-27
-17
-24
-46
-36
-13
7
47
71
69
43
23
52
45
19
29
56
57
66
97
77
73
87
55
56
95
112
151
175
165
170
111
38
23
21
28
57
94
87
68
75
53
55
84
65
45
41
45
45
43
47
20
15
62
43
89
107
93
62
75
88
85
74
79
79
70
106
119
129
171
145
96
100
98
86
91
101
127
135
112
108
110
111
94
105
128
115
123
105
80
117
145
119
115
120
76
30
35
51
66
74
69
102
115
78
117
156
131
129
151
168
193
228
233
208
191
156
123
129
136
131
103
85
89
91
57
8
-22
-27
-17
-24
-46
-36
-13
7
47
71
69
43
23
52
45
19
29
56
57
66
97
77
73
87
55
56
95
112
151
175
165
170
111
38
23
21
28
57
94
87
68
75
53
55
84
65
45
41
45
45
43
47
20
15
62
72
110
176
161
102
48
-1
17
69
72
62
61
49
54
57
49
83
104
68
102
145
112
111
140
133
129
133
82
48
91
78
29
73
104
97
114
90
53
64
47
26
52
97
153
193
219
204
193
193
177
165
165
138
92
88
93
108
114
123
132
113
91
109
138
126
83
31
20
12
-5
9
-4
-33
-25
7
40
60
84
83
77
84
74
84
77
31
53
74
50
98
122
106
147
182
155
151
126
64
31
20
25
29
7
18
69
40
0
9
-4
12
70
113
126
119
82
45
75
108
109
73
49
90
108
56
75
88
66
89
106
72
110
176
161
102
48
-1
17
69
72
62
61
49
54
57
49
83
104
68
102
145
112
111
140
133
129
133
82
48
91
78
29
73
104
97
114
90
53
64
47
26
52
97
153
193
219
204
193
193
177
165
165
138
92
88
93
108
114
123
132
113
91
109
138
126
83
31
20
12
-5
9
-4
-33
-25
7
40
60
84
83
77
84
74
84
77
31
53
74
50
98
122
106
147
182
155
151
126
64
31
20
25
29
7
18
69
40
0
9
-4
12
70
113
126
119
82
45
75
108
109
73
49
90
108
56
75
88
66
89
106
87
66
59
46
37
82
151
172
162
192
212
160
100
71
55
31
39
41
46
89
75
31
64
68
29
25
2
1
37
14
-32
-22
-26
-55
-29
24
72
105
107
115
119
107
138
153
108
96
73
51
58
72
116
100
72
95
78
69
106
128
130
122
85
37
27
84
112
93
116
102
38
44
106
151
194
197
174
154
165
192
179
150
131
111
93
75
70
73
53
61
89
72
74
68
58
53
24
35
75
95
78
79
124
148
153
126
67
59
73
67
49
15
15
-1
-31
-1
36
36
14
23
9
-16
-11
-34
-32
27
74
73
92
107
17
27
56
87
87
79
56
10
-11
8
49
53
37
69
56
6
21
47
75
97
84
91
103
84
65
51
64
89
67
54
80
91
104
135
141
137
163
153
114
93
58
36
49
42
50
78
65
39
36
23
22
27
23
38
66
96
110
109
103
108
111
113
108
87
79
77
61
62
75
71
65
47
37
49
40
15
12
6
32
109
135
123
130
88
38
2
-29
-26
-24
-9
44
59
27
18
9
-7
-2
15
10
17
50
60
41
36
8
-26
-62
-61
-18
8
37
51
21
24
37
17
11
39
47
41
58
54
57
69
35
55
115
128
166
185
136
101
81
60
85
89
56
37
5
-17
-11
-21
-16
37
96
93
76
88
54
38
59
42
38
59
36
14
9
-1
-11
-5
34
66
48
21
22
-11
-20
24
36
50
87
104
147
169
143
147
139
115
170
210
169
173
206
184
183
193
163
187
201
166
136
111
86
44
1
-16
-24
-27
-36
-22
7
4
-1
-6
10
50
68
60
42
33
23
-2
-1
27
38
70
119
147
147
167
144
112
112
60
-6
-3
-1
-5
0
-24
-48
-36
-39
-38
15
34
6
21
31
33
74
74
56
91
100
89
93
69
50
30
31
35
50
49
29
11
166
185
136
101
81
60
85
89
56
37
5
-17
-11
-21
-16
37
96
93
76
88
54
38
59
42
38
59
36
14
9
-1
-11
-5
34
66
48
21
22
-11
-20
24
36
50
87
104
147
169
143
147
139
115
170
210
169
173
206
184
183
193
163
187
201
166
136
111
86
44
1
-16
-24
-27
-36
-22
7
4
-1
-6
10
50
68
60
42
33
23
-2
-1
27
38
70
119
147
147
167
144
112
112
60
-6
-3
-1
-5
0
-24
-48
-36
-39
-38
15
34
6
21
31
33
74
74
56
91
100
89
93
69
50
30
31
35
50
49
29
11
12
20
32
40
77
124
151
162
138
118
118
83
62
89
84
76
74
33
55
88
40
47
66
32
32
61
23
-25
-22
-28
-19
35
41
11
8
-28
-25
39
93
160
186
158
124
97
74
85
80
31
48
89
100
86
82
91
90
62
70
86
56
25
2
-17
-9
-13
-29
-11
2
-4
1
9
24
53
66
87
106
88
68
77
92
98
93
67
44
55
74
52
64
86
80
78
104
128
112
89
95
81
94
136
134
170
221
182
144
114
81
86
91
75
50
45
56
35
8
31
45
23
4
12
9
-2
10
9
-4
6
3
-2
15
47
12
20
32
40
77
124
151
162
138
118
118
83
62
89
84
76
74
33
55
88
40
47
66
32
32
61
23
-25
-22
-28
-19
35
41
11
8
-28
-25
39
93
160
186
158
124
97
74
85
80
31
48
89
100
86
82
91
90
62
70
86
56
25
2
-17
-9
-13
-29
-11
2
-4
1
9
24
53
66
87
106
88
68
77
92
98
93
67
44
55
74
52
64
86
80
78
104
128
112
89
95
81
94
136
134
170
221
182
144
114
81
86
91
75
50
45
56
35
8
31
45
23
4
12
9
-2
10
9
-4
6
3
-2
15
47
80
89
60
71
72
56
71
63
52
63
50
23
20
22
22
25
29
38
70
86
92
119
80
20
20
22
37
64
49
53
60
51
69
75
45
18
19
53
98
122
113
74
43
32
27
20
21
28
9
-4
20
24
47
60
46
92
101
54
75
74
20
48
80
92
132
130
88
65
38
3
8
17
1
13
3
-19
20
27
-5
18
52
55
77
98
93
81
84
75
54
73
79
54
83
111
85
78
95
63
51
62
23
4
11
-7
-12
8
18
37
73
87
80
92
100
88
64
39
36
42
47
57
40
26
34
44
36
28
52
75
80
89
60
71
72
56
71
63
52
63
50
23
20
22
22
25
29
38
70
86
92
119
80
20
20
22
37
64
49
53
60
51
69
75
45
18
19
53
98
122
113
74
43
32
27
20
21
28
9
-4
20
24
47
60
46
92
101
54
75
74
20
48
80
92
132
130
88
65
38
3
8
17
1
13
3
-19
20
27
-5
18
52
55
77
98
93
81
84
75
54
73
79
54
83
111
85
78
95
63
51
62
23
4
11
-7
-12
8
18
37
73
87
80
92
100
88
64
39
36
42
47
57
40
26
34
44
36
28
52
75
77
82
102
83
66
73
39
5
42
61
49
55
66
38
17
35
50
56
50
24
-1
-15
-39
-5
29
34
102
148
99
63
41
11
10
20
43
77
54
45
96
87
48
64
70
64
115
139
121
128
125
101
107
146
173
134
102
129
144
147
150
132
138
140
106
101
93
74
79
34
5
82
138
99
96
143
122
106
139
112
82
88
48
32
42
49
59
42
41
40
4
-25
-17
25
23
-11
-9
4
-5
19
48
39
40
47
32
17
54
106
98
77
104
118
77
64
57
24
-4
11
37
49
63
83
57
-8
-40
-46
-62
-54
-33
-67
77
82
102
83
66
73
39
5
42
61
49
55
66
38
17
35
50
56
50
24
-1
-15
-39
-5
29
34
102
148
99
63
41
11
10
20
43
77
54
45
96
87
48
64
70
64
115
139
121
128
125
101
107
146
173
134
102
129
144
147
150
132
138
140
106
101
93
74
79
34
5
82
138
99
96
143
122
106
139
112
82
88
48
32
42
49
59
42
41
40
4
-25
-17
25
23
-11
-9
4
-5
19
48
39
40
47
32
17
54
106
98
77
104
118
77
64
57
24
-4
11
37
49
63
83
57
-8
-40
-46
-62
-54
-33
-67
-79
-63
-55
-37
-50
-72
-64
-74
-72
-69
-44
-24
-18
9
25
50
96
92
55
63
84
84
98
118
153
173
169
166
162
142
121
150
173
177
196
172
126
140
149
126
115
96
36
14
33
24
24
22
18
63
70
46
73
74
57
67
57
71
105
121
130
111
84
53
35
42
79
74
56
76
87
78
64
29
27
62
61
45
35
16
21
40
69
109
113
70
50
44
18
24
32
23
25
37
56
51
34
18
-10
-11
20
55
83
84
84
60
11
-26
-41
-13
1
12
63
70
63
106
99
115
151
148
136
139
125
122
148
150
131
129
-79
-63
-55
-37
-50
-72
-64
-74
-72
-69
-44
-24
-18
9
25
50
96
92
55
63
84
84
98
118
153
173
169
166
162
142
121
150
173
177
196
172
126
140
149
126
115
96
36
14
33
24
24
22
18
63
70
46
73
74
57
67
57
71
105
121
130
111
84
53
35
42
79
74
56
76
87
78
64
29
27
62
61
45
35
16
21
40
69
109
113
70
50
44
18
24
32
23
25
37
56
51
34
18
-10
-11
20
55
83
84
84
60
11
-26
-41
-13
1
12
63
70
63
106
99
115
151
148
136
139
125
122
148
150
131
129
146
151
159
159
117
48
-29
-85
-88
-73
-81
-114
-142
-150
-170
-173
-154
-142
-140
-150
-108
-62
-71
-62
-30
-12
-14
-14
-37
-29
47
74
69
122
145
147
188
172
151
191
176
163
200
227
246
276
273
259
261
234
209
204
177
149
118
98
111
140
154
172
162
117
96
126
142
118
62
5
6
-15
-29
-15
-29
-42
-25
5
43
49
23
18
23
27
29
29
-3
-30
2
2
-22
10
22
26
70
96
85
64
37
-9
-34
-37
-28
-33
-34
-1
26
4
1
34
71
112
167
218
234
225
201
155
158
177
139
99
81
101
91
39
46
46
7
4
146
151
159
159
117
48
-29
-85
-88
-73
-81
-114
-142
-150
-170
-173
-154
-142
-140
-150
-108
-62
-71
-62
-30
-12
-14
-14
-37
-29
47
74
69
122
145
147
188
172
151
191
176
163
200
227
246
276
273
259
261
234
209
204
177
149
118
98
111
140
154
172
162
117
96
126
142
118
62
5
6
-15
-29
-15
-29
-42
-25
5
43
49
23
18
23
27
29
29
-3
-30
2
2
-22
10
22
26
70
96
85
64
37
-9
-34
-37
-28
-33
-34
-1
26
4
1
34
71
112
167
218
234
225
201
155
158
177
139
99
81
101
91
39
46
46
7
4
-4
-56
-107
-132
-162
-193
-160
-117
-118
-111
-88
-76
-119
-169
-163
-160
-171
-129
-81
-31
45
70
51
91
131
132
143
145
170
219
220
206
215
207
200
232
278
320
350
337
314
307
298
312
317
270
245
222
182
170
179
212
206
201
204
189
176
166
154
126
73
15
-45
-87
-58
-59
-85
-72
-93
-134
-110
-56
-9
48
50
25
24
18
19
19
-1
-36
-64
-95
-124
-134
-145
-174
-169
-138
-147
-145
-138
-122
-115
-115
-63
1
16
13
33
88
124
145
148
130
147
175
158
148
131
135
127
96
131
182
184
178
182
161
141
139
83
77
125
130
120
138
41
49
78
105
106
104
77
35
47
100
121
101
116
127
89
66
80
106
129
111
107
131
118
111
97
90
115
109
81
74
73
83
116
144
154
181
198
183
164
126
96
93
96
91
105
121
101
80
67
49
47
43
50
51
63
90
92
87
104
115
128
127
112
103
104
92
88
109
111
115
111
87
98
119
95
69
59
63
120
182
195
201
189
130
104
64
42
57
38
72
128
135
132
124
101
82
90
100
108
138
161
166
156
127
96
52
20
50
82
113
150
134
112
144
143
109
124
130
106
114
108
108
134
108
85
136
181
211
251
226
175
134
90
88
103
90
70
42
6
-4
-14
-19
11
86
126
113
102
87
64
67
82
89
105
120
111
103
97
85
70
95
150
154
122
96
56
40
68
89
89
117
135
151
182
157
126
121
80
74
125
112
78
98
117
108
116
107
111
151
159
143
140
117
86
49
32
20
16
14
29
57
60
61
55
59
106
136
136
124
96
98
88
49
67
96
103
139
185
188
211
228
178
164
150
81
58
72
51
53
52
23
30
37
21
51
98
78
70
82
77
117
141
128
140
166
167
157
133
118
103
77
84
83
88
87
48
22
251
226
175
134
90
88
103
90
70
42
6
-4
-14
-19
11
86
126
113
102
87
64
67
82
89
105
120
111
103
97
85
70
95
150
154
122
96
56
40
68
89
89
117
135
151
182
157
126
121
80
74
125
112
78
98
117
108
116
107
111
151
159
143
140
117
86
49
32
20
16
14
29
57
60
61
55
59
106
136
136
124
96
98
88
49
67
96
103
139
185
188
211
228
178
164
150
81
58
72
51
53
52
23
30
37
21
51
98
78
70
82
77
117
141
128
140
166
167
157
133
118
103
77
84
83
88
87
48
22
21
36
50
76
121
154
181
176
137
131
100
59
89
104
101
123
86
62
117
105
86
124
96
65
97
90
38
19
25
16
48
83
76
55
16
-6
34
92
159
200
196
188
153
129
128
120
89
75
97
134
163
156
168
179
158
164
192
181
166
131
84
71
66
56
59
63
57
49
38
33
74
93
98
119
107
93
88
85
94
86
63
41
18
38
47
40
65
80
61
51
89
121
103
101
97
104
152
157
164
239
249
221
196
138
133
142
129
118
104
114
118
79
62
83
79
46
32
49
57
75
86
53
45
40
31
63
92
129
21
36
50
76
121
154
181
176
137
131
100
59
89
104
101
123
86
62
117
105
86
124
96
65
97
90
38
19
25
16
48
83
76
55
16
-6
34
92
159
200
196
188
153
129
128
120
89
75
97
134
163
156
168
179
158
164
192
181
166
131
84
71
66
56
59
63
57
49
38
33
74
93
98
119
107
93
88
85
94
86
63
41
18
38
47
40
65
80
61
51
89
121
103
101
97
104
152
157
164
239
249
221
196
138
133
142
129
118
104
114
118
79
62
83
79
46
32
49
57
75
86
53
45
40
31
63
92
129
166
142
136
152
122
126
150
139
151
138
103
100
102
93
104
111
115
147
172
160
177
183
129
104
100
96
114
99
81
101
93
98
122
108
82
62
65
100
125
134
117
69
42
29
32
42
52
53
31
42
50
56
100
99
112
165
134
124
156
119
113
147
156
187
217
204
182
155
107
74
73
58
57
64
33
33
69
54
31
56
69
76
91
113
108
97
98
75
79
129
113
116
156
148
128
147
152
126
138
132
95
88
67
54
65
89
113
139
159
171
174
184
183
161
124
102
95
97
117
95
65
47
49
69
47
40
46
64
166
142
136
152
122
126
150
139
151
138
103
100
102
93
104
111
115
147
172
160
177
183
129
104
100
96
114
99
81
101
93
98
122
108
82
62
65
100
125
134
117
69
42
29
32
42
52
53
31
42
50
56
100
99
112
165
134
124
156
119
113
147
156
187
217
204
182
155
107
74
73
58
57
64
33
33
69
54
31
56
69
76
91
113
108
97
98
75
79
129
113
116
156
148
128
147
152
126
138
132
95
88
67
54
65
89
113
139
159
171
174
184
183
161
124
102
95
97
117
95
65
47
49
69
47
40
46
64
73
86
84
46
42
43
7
10
48
62
65
92
97
73
81
120
139
137
118
96
83
60
69
105
108
145
213
208
171
134
98
82
70
70
106
107
84
117
140
101
89
97
90
103
132
129
118
116
116
105
111
160
137
89
100
114
118
136
132
138
163
128
95
108
83
80
71
9
27
117
131
107
132
150
126
151
173
146
131
95
77
78
88
109
96
87
106
83
58
53
66
103
99
85
99
91
72
112
128
102
107
92
53
76
131
142
124
132
157
150
120
113
105
57
53
91
101
118
149
152
118
75
81
73
54
70
69
67
73
86
84
46
42
43
7
10
48
62
65
92
97
73
81
120
139
137
118
96
83
60
69
105
108
145
213
208
171
134
98
82
70
70
106
107
84
117
140
101
89
97
90
103
132
129
118
116
116
105
111
160
137
89
100
114
118
136
132
138
163
128
95
108
83
80
71
9
27
117
131
107
132
150
126
151
173
146
131
95
77
78
88
109
96
87
106
83
58
53
66
103
99
85
99
91
72
112
128
102
107
92
53
76
131
142
124
132
157
150
120
113
105
57
53
91
101
118
149
152
118
75
81
73
54
70
69
67
77
105
125
123
106
91
86
78
76
73
92
84
88
106
105
131
159
114
65
71
52
48
71
95
117
120
99
89
92
82
86
119
138
162
188
147
131
171
172
159
154
110
76
80
76
66
62
38
54
80
53
53
69
56
57
55
58
88
117
130
130
111
90
70
71
97
110
93
97
123
127
123
95
60
84
109
102
93
67
58
66
82
131
167
157
123
117
107
101
94
79
88
98
116
127
114
103
84
47
67
106
135
153
156
142
116
63
19
18
33
44
82
105
97
116
118
115
155
165
138
120
103
96
107
123
115
107
121
77
105
125
123
106
91
86
78
76
73
92
84
88
106
105
131
159
114
65
71
52
48
71
95
117
120
99
89
92
82
86
119
138
162
188
147
131
171
172
159
154
110
76
80
76
66
62
38
54
80
53
53
69
56
57
55
58
88
117
130
130
111
90
70
71
97
110
93
97
123
127
123
95
60
84
109
102
93
67
58
66
82
131
167
157
123
117
107
101
94
79
88
98
116
127
114
103
84
47
67
106
135
153
156
142
116
63
19
18
33
44
82
105
97
116
118
115
155
165
138
120
103
96
107
123
115
107
121
145
160
186
209
184
122
56
33
58
93
88
69
68
42
32
52
62
78
71
72
119
130
112
139
158
131
117
100
49
84
137
97
104
129
127
132
122
62
52
50
25
47
75
102
151
172
172
179
171
164
156
132
106
61
29
33
72
108
125
138
111
95
108
142
146
108
59
55
39
15
34
43
35
32
46
87
113
99
102
112
115
134
134
110
69
75
106
94
102
130
138
166
213
224
205
196
156
97
84
85
75
73
75
88
80
42
16
31
44
77
129
147
145
143
105
91
134
135
122
106
103
127
105
80
98
84
86
102
145
160
186
209
184
122
56
33
58
93
88
69
68
42
32
52
62
78
71
72
119
130
112
139
158
131
117
100
49
84
137
97
104
129
127
132
122
62
52
50
25
47
75
102
151
172
172
179
171
164
156
132
106
61
29
33
72
108
125
138
111
95
108
142
146
108
59
55
39
15
34
43
35
32
46
87
113
99
102
112
115
134
134
110
69
75
106
94
102
130
138
166
213
224
205
196
156
97
84
85
75
73
75
88
80
42
16
31
44
77
129
147
145
143
105
91
134
135
122
106
103
127
105
80
98
84
86
102
68
28
25
40
31
44
101
142
164
198
232
228
157
117
108
69
56
79
91
127
158
130
110
126
99
69
63
36
51
69
36
26
22
0
10
43
79
134
155
132
133
141
147
175
160
133
118
94
85
84
117
133
109
99
89
94
106
126
137
122
97
70
35
45
86
82
85
99
72
44
79
112
156
182
152
131
122
134
151
144
117
100
83
70
75
90
79
57
83
81
55
64
69
71
62
75
127
163
147
135
167
199
213
212
173
146
163
154
131
109
91
94
58
37
68
88
76
68
68
48
47
21
-17
17
78
90
116
146
