Gv6d1090_6
0
RAW_AUDIO_CHW
3,7,25
76.825325
73.1396332
29.440691
60.3241158
84.0576324
73.6120605
100.46962
53.8978729
57.3266335
52.2728806
87.4700394
78.0139236
73.672142
54.7262726
55.1750259
96.2965393
84.7091675
53.7255783
46.5054359
69.6284943
120.237473
41.9254684
90.3044739
48.9803467
67.8213348
0.909799397
59.1593781
86.3316879
94.5282211
54.4839249
50.7512245
55.2498169
122.935455
53.8339539
75.2735748
68.1956024
50.1904411
72.9158173
65.7083588
84.1078262
58.7797203
71.4150848
81.902092
81.8136368
78.8721008
40.4657555
59.5981407
62.3087883
109.001602
87.8458481
67.0932388
87.8016357
60.6429405
66.1615143
84.6856003
76.6072769
88.2617264
39.9034691
59.5113869
56.5873375
102.509064
97.3263474
54.927021
35.7293472
80.6860657
70.243866
97.0158997
53.6478271
58.4503975
73.2909851
92.8385468
52.2370567
76.2946854
76.1291809
55.9764328
-1.62779522
83.646019
64.9986801
99.9273605
57.5265808
59.4818497
63.7285614
98.9775314
54.6299515
70.5012741
82.1726913
52.5403519
54.6318436
94.4518433
68.7366257
96.3525772
35.573822
72.2822266
70.1278152
89.3405075
73.1838455
51.5619278
85.930954
27.4616585
118.006721
75.9607468
70.3275681
97.9528198
42.6494751
63.7162704
72.4757767
83.2147141
84.3861618
43.9828529
91.6149139
28.2271881
100.455818
77.8158493
51.5024643
86.4069977
58.5161438
81.8640594
61.8952789
79.5980759
75.936615
38.5804672
80.4341812
81.0069885
52.8051224
105.872871
22.5785999
83.5961609
63.5437088
75.5232773
69.3494949
69.8163834
86.6368484
37.2774925
73.5394516
83.9786911
56.3677216
94.2454529
69.8339767
80.95755
69.9171143
69.9552231
60.4170685
37.4766884
78.3778915
78.8485489
57.4343414
108.656578
71.1130905
56.9839783
91.1880951
88.3736496
82.5739212
58.1273804
74.1315308
31.5763092
73.2990341
81.2013321
59.6247063
94.6912003
92.4080811
42.611515
96.51194
25.5692825
84.9259491
72.107399
73.0421448
76.5906296
66.4798813
91.9502106
35.5585289
60.8632622
77.8357697
77.3530579
81.0241394
77.7545853
53.9487228
98.5412674
39.9777184
72.8933334
92.0969086
89.1939392
113.32914
67.6994019
73.1740723
68.8843918
92.4057083
97.4383163
86.4912949
70.6351395
70.252037
106.660553
100.840561
60.7856026
65.100029
78.1079483
132.147919
64.3145828
96.3826447
68.8442307
72.5390854
27.6130524
75.2441559
95.7894058
110.925835
62.6242218
66.7511978
67.9908524
130.16951
78.2582245
82.1959457
86.4939651
57.1549301
90.9878159
76.5899811
100.633362
71.515564
80.8903809
98.038269
93.9197693
98.0105972
45.6573601
72.2176743
79.7434769
121.448013
103.083038
53.9680519
105.834167
74.6690674
75.1595535
99.6933517
89.6328812
105.850227
49.2214355
67.9139709
75.3263855
115.614662
110.580589
72.4831085
44.7179184
94.8016586
80.648407
110.631287
66.3431168
77.0831223
79.9985123
104.443336
64.4518967
94.282196
88.7046585
67.7414856
14.9170122
96.3919678
77.0494385
111.213875
72.0287628
75.9925308
74.5125351
107.039124
68.0592728
86.9522324
96.1004944
64.8305588
63.648983
110.075325
84.3248672
106.656151
49.7833595
85.8137589
86.9913101
100.081459
91.5725479
57.8559723
96.5437393
40.3581581
131.442307
73.7293472
90.4944458
106.00563
58.6030006
74.9275436
91.0593491
93.4790497
101.953629
54.2050591
97.4804688
45.2849083
109.321472
98.8766403
59.4219437
102.684837
66.0779037
96.3862
80.1824951
83.7643051
97.4776077
46.8176041
95.8727264
97.7701645
62.3649635
114.175003
39.73246
100.200142
72.4762573
86.2831802
91.3958969
72.5255585
107.051956
47.7192574
86.2922821
102.553391
66.2144928
102.221107
92.874321
82.6612167
92.2193222
78.5998306
79.3761826
50.8747673
90.5423508
93.641304
73.2644272
110.373856
94.7182007
59.4900208
116.918892
74.5000916
105.939186
68.4626541
90.7100754
46.6831398
85.7373734
94.0816498
78.5603104
95.538147
113.407166
50.1962204
114.293434
42.5831375
94.0891113
95.801712
77.8220062
93.516655
73.7911835
105.298294
52.807251
71.8906784
90.8356628
96.294754
87.0587692
96.1696854
84.9460144
116.974655
70.4187546
108.263992
126.817924
116.5466
137.967987
94.3174057
83.3877563
75.6574402
133.058746
128.230728
117.310951
89.6808777
96.5381622
140.178268
138.981476
86.5366898
94.2778931
109.359161
169.218384
98.7087479
129.169022
81.3220139
108.27018
17.5938435
106.849754
124.798828
151.187759
89.5655823
94.7125015
99.2932281
165.168015
115.175339
114.08181
104.687927
83.7191086
115.116356
93.7383957
135.684784
100.643143
109.494728
129.232117
125.881569
135.535736
76.1145782
88.6667786
95.9424362
163.280655
135.433701
87.9319611
135.317184
106.849281
101.8097
132.274963
119.530182
143.871475
81.5741806
87.0244598
89.3669434
152.238388
148.931
99.4751968
65.7501831
126.527191
112.465492
147.114731
91.9768982
104.038284
113.97905
139.095474
82.1475983
126.054977
125.822754
87.6827774
8.9249649
134.027878
104.618645
150.624817
97.2048798
103.932205
105.010063
144.996078
87.3818512
113.619148
137.12674
84.5982819
70.7314529
150.779678
111.416504
140.709991
77.7415771
100.152344
113.184067
140.731125
119.63488
84.9194031
143.565002
53.2745819
174.432327
117.760147
117.160751
139.976028
87.9199371
92.1817627
111.760338
133.897858
134.34169
75.577095
147.854752
60.0643082
145.888641
141.518723
77.7691956
135.985672
81.9423523
123.031258
117.176811
112.551437
120.82753
53.4218559
127.856148
141.271393
89.8475647
162.331863
30.0768909
135.775238
91.0787888
108.186638
129.114044
102.019882
133.593826
54.5320969
112.725586
145.496109
98.5625076
140.608734
137.43187
128.175903
121.548424
122.640091
115.030243
62.8744011
119.706551
131.952026
108.380554
153.860046
117.126442
81.5362167
149.28746
123.134659
138.778854
106.803612
132.925552
59.9870529
110.199867
132.485458
113.99379
136.793884
144.123749
65.1501846
150.820602
56.0421829
127.876785
125.56073
116.859337
128.051147
89.1697235
130.266449
82.7193069
104.705315
111.867271
115.779274
121.840508
138.063156
