Gv6d1090_125
2
RAW_AUDIO_CHW
3,7,256
390
380
-83
-312
-761
-1215
-689
408
1494
1456
44
-1000
-896
-219
637
978
520
-10
-481
-715
-218
738
1116
632
-396
-973
-740
-2
1045
1329
793
16
-572
-753
-189
692
923
325
-522
-816
-448
353
923
663
-106
-675
-1096
-989
-368
49
619
1417
2138
1818
475
-698
-1082
-976
-384
380
881
631
-354
-1296
-1621
-926
61
953
1377
818
52
-456
-466
120
1259
1852
1123
-326
-1390
-1698
-896
510
1417
976
-142
-779
-1091
-808
183
1156
1168
298
-493
-800
-412
648
1152
560
-64
-302
-93
411
164
-400
-510
-400
-68
436
483
251
-63
-681
-781
-166
724
1552
1297
198
-353
-575
-514
65
387
316
-42
-349
-290
17
316
724
565
-311
-908
-847
-72
1264
1719
1072
137
-483
-770
-624
-109
439
200
-537
-975
-771
-52
1111
1335
533
-119
-319
-118
359
438
248
114
-183
-107
72
15
-132
-420
-906
-757
24
880
1607
900
-329
-806
-582
37
788
828
371
-153
-475
-542
-224
440
989
720
-301
-945
-835
103
1361
1499
682
-32
-581
-869
-458
282
739
260
-728
-1107
-652
304
1015
720
19
-382
-478
149
990
856
225
-146
-272
125
210
-65
-69
-344
-710
-506
165
1143
1497
430
-542
-607
-365
300
818
519
54
-313
-611
-538
127
860
979
43
-986
-1148
-656
547
1448
1166
336
-198
-705
-715
-1
671
604
-94
-733
-679
-120
316
724
565
-311
-908
-847
-72
1264
1719
1072
137
-483
-770
-624
-109
439
200
-537
-975
-771
-52
1111
1335
533
-119
-319
-118
359
438
248
114
-183
-107
72
15
-132
-420
-906
-757
24
880
1607
900
-329
-806
-582
37
788
828
371
-153
-475
-542
-224
440
989
720
-301
-945
-835
103
1361
1499
682
-32
-581
-869
-458
282
739
260
-728
-1107
-652
304
1015
720
19
-382
-478
149
990
856
225
-146
-272
125
210
-65
-69
-344
-710
-506
165
1143
1497
430
-542
-607
-365
300
818
519
54
-313
-611
-538
127
860
979
43
-986
-1148
-656
547
1448
1166
336
-198
-705
-715
-1
671
604
-94
-733
-679
-120
534
647
63
-341
-468
-164
635
1048
588
-1
-267
-8
321
197
20
-156
-549
-766
-348
531
1499
969
-354
-848
-599
-61
531
545
183
-208
-544
-415
121
888
1242
647
-416
-998
-875
-68
1119
1433
745
-34
-649
-836
-328
435
902
311
-602
-824
-634
114
939
935
209
-542
-586
272
870
499
-30
-240
-148
310
236
-24
-56
-436
-941
-635
357
1500
1380
65
-760
-652
-203
368
551
226
-72
-445
-592
-92
743
1276
813
-288
-1099
-1121
-396
978
1731
1086
-97
-860
-1102
-528
408
799
461
-332
-704
-514
210
1052
888
14
-750
-767
210
957
570
-90
-278
1
478
351
96
55
-338
-778
-588
108
1179
1312
534
647
63
-341
-468
-164
635
1048
588
-1
-267
-8
321
197
20
-156
-549
-766
-348
531
1499
969
-354
-848
-599
-61
531
545
183
-208
-544
-415
121
888
1242
647
-416
-998
-875
-68
1119
1433
745
-34
-649
-836
-328
435
902
311
-602
-824
-634
114
939
935
209
-542
-586
272
870
499
-30
-240
-148
310
236
-24
-56
-436
-941
-635
357
1500
1380
65
-760
-652
-203
368
551
226
-72
-445
-592
-92
743
1276
813
-288
-1099
-1121
-396
978
1731
1086
-97
-860
-1102
-528
408
799
461
-332
-704
-514
210
1052
888
14
-750
-767
210
957
570
-90
-278
1
478
351
96
55
-338
-778
-588
108
1179
1312
108
-808
-773
-357
366
812
654
71
-392
-541
-232
638
1242
808
-355
-1130
-1243
-508
1047
1847
1234
-1
-809
-879
-329
320
616
212
-377
-664
-359
384
956
710
45
-482
-516
208
658
209
-137
-234
-49
388
284
63
61
-331
-868
-767
119
1495
1535
243
-692
-745
-379
375
693
409
-22
-591
-893
-272
815
1353
918
-256
-903
-967
-218
1148
1665
883
-130
-814
-942
-396
316
583
208
-324
-717
-520
265
1043
747
-80
-597
-494
303
832
406
-206
-426
-110
419
400
252
-9
-568
-1026
-688
276
1567
1526
163
-676
-705
-143
676
880
315
-304
-784
-731
-50
800
1326
836
-341
-1068
-1211
-544
950
1840
1211
-38
108
-808
-773
-357
366
812
654
71
-392
-541
-232
638
1242
808
-355
-1130
-1243
-508
1047
1847
1234
-1
-809
-879
-329
320
616
212
-377
-664
-359
384
956
710
45
-482
-516
208
658
209
-137
-234
-49
388
284
63
61
-331
-868
-767
119
1495
1535
243
-692
-745
-379
375
693
409
-22
-591
-893
-272
815
1353
918
-256
-903
-967
-218
1148
1665
883
-130
-814
-942
-396
316
583
208
-324
-717
-520
265
1043
747
-80
-597
-494
303
832
406
-206
-426
-110
419
400
252
-9
-568
-1026
-688
276
1567
1526
163
-676
-705
-143
676
880
315
-304
-784
-731
-50
800
1326
836
-341
-1068
-1211
-544
950
1840
1211
-38
-868
-1272
-1222
-813
-87
400
569
629
670
592
961
937
-33
-684
-581
112
1256
1622
594
-543
-1185
-1292
-792
-64
566
595
-12
-508
-252
284
480
272
-104
30
484
625
523
83
-556
-1141
-1101
-318
656
1291
1067
178
-727
-1404
-1170
442
2090
2418
1185
-101
-799
-1136
-824
-33
550
215
-638
-1024
-1026
-94
1217
1437
792
81
-324
-107
748
684
200
-16
-236
-37
155
7
-18
-541
-1128
-999
-446
520
1611
1187
154
-472
-599
-96
859
809
212
-227
-515
-464
-268
304
916
745
-423
-1080
-994
-89
1439
1981
1241
246
-606
-1260
-951
81
963
660
-479
-1250
-1214
-423
956
1506
714
-16
-576
-391
731
978
284
-224
-868
-1272
-1222
-813
-87
400
569
629
670
592
961
937
-33
-684
-581
112
1256
1622
594
-543
-1185
-1292
-792
-64
566
595
-12
-508
-252
284
480
272
-104
30
484
625
523
83
-556
-1141
-1101
-318
656
1291
1067
178
-727
-1404
-1170
442
2090
2418
1185
-101
-799
-1136
-824
-33
550
215
-638
-1024
-1026
-94
1217
1437
792
81
-324
-107
748
684
200
-16
-236
-37
155
7
-18
-541
-1128
-999
-446
520
1611
1187
154
-472
-599
-96
859
809
212
-227
-515
-464
-268
304
916
745
-423
-1080
-994
-89
1439
1981
1241
246
-606
-1260
-951
81
963
660
-479
-1250
-1214
-423
956
1506
714
-16
-576
-391
731
978
284
-224
-179
164
299
-84
-129
-236
-726
-848
-509
400
1607
1440
124
-528
-633
-256
670
1013
586
-78
-844
-1072
-605
190
1186
1171
-1
-1025
-1259
-720
952
2194
1579
528
-412
-1085
-1001
-388
530
784
-44
-747
-1070
-777
442
1414
1002
82
-388
-581
295
959
504
81
21
-101
-56
-69
275
539
-240
-1006
-1016
-216
1059
1471
414
-390
-484
-387
220
913
524
-294
-858
-956
-426
176
1022
1534
591
-639
-1244
-1052
381
1975
1848
610
-425
-1138
-1367
-614
469
1058
537
-426
-854
-623
444
1488
890
-171
-620
-1117
-1206
-624
97
832
1440
1885
1575
435
-564
-791
-633
-218
396
601
298
-205
-741
-1023
-940
-354
517
1301
1235
341
-179
164
299
-84
-129
-236
-726
-848
-509
400
1607
1440
124
-528
-633
-256
670
1013
586
-78
-844
-1072
-605
190
1186
1171
-1
-1025
-1259
-720
952
2194
1579
528
-412
-1085
-1001
-388
530
784
-44
-747
-1070
-777
442
1414
1002
82
-388
-581
295
959
504
81
21
-101
-56
-69
275
539
-240
-1006
-1016
-216
1059
1471
414
-390
-484
-387
220
913
524
-294
-858
-956
-426
176
1022
1534
591
-639
-1244
-1052
381
1975
1848
610
-425
-1138
-1367
-614
469
1058
537
-426
-854
-623
444
1488
890
-171
-620
-1117
-1206
-624
97
832
1440
1885
1575
435
-564
-791
-633
-218
396
601
298
-205
-741
-1023
-940
-354
517
1301
1235
341
-558
-763
-406
386
1465
1861
780
-911
-1926
-1708
-194
1467
1595
369
-737
-1288
-1278
-511
790
1734
1277
-10
-773
-907
-366
816
1328
816
43
-751
-734
282
600
290
-42
-465
-165
368
437
625
257
-625
-1097
-820
289
1634
1446
216
-609
-767
-499
88
352
307
-144
-737
-569
-146
623
1382
913
-199
-914
-1030
-409
1023
1864
1287
121
-775
-1043
-470
269
896
762
-396
-1129
-1186
-545
795
1323
599
-255
-517
-93
960
1061
351
-11
-217
-116
212
73
29
-176
-976
-1108
-496
504
1508
1038
-240
-787
-676
-103
927
1191
732
-53
-903
-961
-225
624
1371
1021
-385
-1220
-1310
-452
1363
2112
1282
62
-807
-1041
-512
136
709
-558
-763
-406
386
1465
1861
780
-911
-1926
-1708
-194
1467
1595
369
-737
-1288
-1278
-511
790
1734
1277
-10
-773
-907
-366
816
1328
816
43
-751
-734
282
600
290
-42
-465
-165
368
437
625
257
-625
-1097
-820
289
1634
1446
216
-609
-767
-499
88
352
307
-144
-737
-569
-146
623
1382
913
-199
-914
-1030
-409
1023
1864
1287
121
-775
-1043
-470
269
896
762
-396
-1129
-1186
-545
795
1323
599
-255
-517
-93
960
1061
351
-11
-217
-116
212
73
29
-176
-976
-1108
-496
504
1508
1038
-240
-787
-676
-103
927
1191
732
-53
-903
-961
-225
624
1371
1021
-385
-1220
-1310
-452
1363
2112
1282
62
-807
-1041
-512
136
709
434
-558
-1211
-966
76
1333
1380
329
-413
-692
-368
684
856
336
7
-436
-346
147
218
292
-116
-827
-889
-316
605
1501
932
-194
-544
-569
19
966
934
188
-497
-912
-582
20
777
1364
885
-384
-1063
-1088
-263
1330
1743
948
24
-746
-1165
-764
36
712
518
-560
-1044
-733
198
1288
1257
407
-172
-478
-222
801
775
89
-316
-555
-113
433
230
56
-265
-656
-548
-272
402
1356
962
-251
-571
-458
107
880
826
348
-266
-847
-867
-326
681
1561
985
-526
-1270
-1318
-492
1156
1783
989
40
-666
-961
-438
378
947
395
-674
-1010
-816
-228
952
1430
612
-80
-576
-339
761
1031
242
-265
-507
-270
112
53
272
579
131
-284
-556
-994
-845
-42
981
1593
622
-574
-760
-495
22
742
756
275
-177
-552
-579
190
1005
1029
124
-698
-766
-432
500
1362
1088
338
-289
-587
-466
300
853
574
-215
-617
-514
-41
600
772
209
-338
-672
-1018
-790
-346
250
1050
1902
2198
1113
-304
-904
-929
-678
33
726
913
194
-767
-1387
-1328
-537
400
1220
1189
504
-250
-631
-322
709
1641
1524
432
-809
-1520
-1286
-150
913
1168
413
-286
-757
-963
-420
548
1157
848
24
-592
-644
19
862
849
328
-79
-286
219
361
-200
-423
-412
-363
187
662
471
142
-443
-860
-502
372
1286
1474
560
-100
-317
-643
-269
251
295
151
-72
-244
-136
86
432
653
199
-458
-830
-637
528
1613
1436
715
-64
-718
-821
-280
404
441
-240
-819
-912
-428
651
1310
700
122
-153
-187
154
514
251
131
-29
-82
100
124
-16
-284
-698
-828
-304
279
1274
1383
243
-509
-649
-480
309
996
809
208
-312
-532
-496
80
850
1001
125
-700
-864
-433
755
1478
978
220
-164
-613
-654
-88
528
499
-327
-835
-736
-229
577
867
373
-69
-375
-241
607
1069
604
33
-299
-66
286
78
74
-144
-720
-789
-163
727
1537
974
-240
-641
-508
14
768
722
272
-184
-524
-499
-61
451
860
544
-487
-976
-864
-92
980
1313
832
204
-428
-803
-383
362
728
277
-496
-796
-310
230
432
653
199
-458
-830
-637
528
1613
1436
715
-64
-718
-821
-280
404
441
-240
-819
-912
-428
651
1310
700
122
-153
-187
154
514
251
131
-29
-82
100
124
-16
-284
-698
-828
-304
279
1274
1383
243
-509
-649
-480
309
996
809
208
-312
-532
-496
80
850
1001
125
-700
-864
-433
755
1478
978
220
-164
-613
-654
-88
528
499
-327
-835
-736
-229
577
867
373
-69
-375
-241
607
1069
604
33
-299
-66
286
78
74
-144
-720
-789
-163
727
1537
974
-240
-641
-508
14
768
722
272
-184
-524
-499
-61
451
860
544
-487
-976
-864
-92
980
1313
832
204
-428
-803
-383
362
728
277
-496
-796
-310
230
611
342
-112
-437
-361
393
1082
784
130
-257
-191
362
448
95
-176
-433
-719
-515
178
1172
1252
86
-510
-568
-393
211
656
358
59
-361
-518
-257
435
1120
985
155
-652
-994
-651
671
1514
1074
320
-302
-773
-522
166
680
498
-305
-613
-596
-233
563
821
448
-76
-443
-70
734
651
72
-162
-137
208
266
-1
17
-240
-801
-801
-161
982
1674
726
-422
-654
-470
22
619
551
134
-428
-711
-325
384
1083
1108
160
-782
-1018
-679
316
1475
1428
405
-445
-859
-801
-129
476
667
108
-426
-496
-251
565
990
502
-300
-767
-240
682
714
166
-176
-240
216
518
221
139
-123
-758
-758
-144
913
1506
586
611
342
-112
-437
-361
393
1082
784
130
-257
-191
362
448
95
-176
-433
-719
-515
178
1172
1252
86
-510
-568
-393
211
656
358
59
-361
-518
-257
435
1120
985
155
-652
-994
-651
671
1514
1074
320
-302
-773
-522
166
680
498
-305
-613
-596
-233
563
821
448
-76
-443
-70
734
651
72
-162
-137
208
266
-1
17
-240
-801
-801
-161
982
1674
726
-422
-654
-470
22
619
551
134
-428
-711
-325
384
1083
1108
160
-782
-1018
-679
316
1475
1428
405
-445
-859
-801
-129
476
667
108
-426
-496
-251
565
990
502
-300
-767
-240
682
714
166
-176
-240
216
518
221
139
-123
-758
-758
-144
913
1506
586
-519
-722
-537
100
802
702
224
-242
-458
-375
304
952
915
140
-636
-1059
-967
264
1521
1543
612
-329
-900
-674
-4
511
434
-54
-506
-554
60
857
902
266
-232
-502
-112
654
481
-141
-335
-218
290
484
182
84
-240
-809
-688
-112
945
1634
683
-429
-560
-427
-8
547
482
209
-348
-806
-565
346
1069
1277
318
-636
-879
-608
514
1624
1363
295
-560
-959
-581
56
503
363
-163
-555
-474
23
698
827
147
-372
-481
129
708
449
-116
-307
-256
326
531
242
51
-245
-812
-800
-125
1058
1663
696
-292
-611
-507
227
920
589
16
-568
-908
-435
485
1209
1168
84
-824
-1104
-848
403
1616
1433
364
-420
-519
-722
-537
100
802
702
224
-242
-458
-375
304
952
915
140
-636
-1059
-967
264
1521
1543
612
-329
-900
-674
-4
511
434
-54
-506
-554
60
857
902
266
-232
-502
-112
654
481
-141
-335
-218
290
484
182
84
-240
-809
-688
-112
945
1634
683
-429
-560
-427
-8
547
482
209
-348
-806
-565
346
1069
1277
318
-636
-879
-608
514
1624
1363
295
-560
-959
-581
56
503
363
-163
-555
-474
23
698
827
147
-372
-481
129
708
449
-116
-307
-256
326
531
242
51
-245
-812
-800
-125
1058
1663
696
-292
-611
-507
227
920
589
16
-568
-908
-435
485
1209
1168
84
-824
-1104
-848
403
1616
1433
364
-420
-986
-1173
-991
-505
106
592
822
811
626
634
934
274
-382
-513
-244
658
1537
997
-123
-831
-1326
-1105
-299
460
758
287
-344
-335
165
457
410
-69
-133
400
670
648
372
-397
-1136
-1189
-477
367
1019
1194
511
-372
-1008
-1293
-363
1317
2369
1775
485
-340
-971
-1190
-496
456
599
-240
-790
-993
-632
731
1400
981
308
-75
-240
472
727
222
-18
-169
-42
301
16
-36
-254
-945
-939
-449
-36
1062
1371
524
-124
-403
-362
420
802
429
180
-314
-506
-415
-13
679
1043
-9
-972
-993
-516
808
1882
1552
596
-136
-915
-1076
-380
597
924
62
-873
-1065
-834
84
1237
1056
376
-204
-569
159
816
530
122
-39
-986
-1173
-991
-505
106
592
822
811
626
634
934
274
-382
-513
-244
658
1537
997
-123
-831
-1326
-1105
-299
460
758
287
-344
-335
165
457
410
-69
-133
400
670
648
372
-397
-1136
-1189
-477
367
1019
1194
511
-372
-1008
-1293
-363
1317
2369
1775
485
-340
-971
-1190
-496
456
599
-240
-790
-993
-632
731
1400
981
308
-75
-240
472
727
222
-18
-169
-42
301
16
-36
-254
-945
-939
-449
-36
1062
1371
524
-124
-403
-362
420
802
429
180
-314
-506
-415
-13
679
1043
-9
-972
-993
-516
808
1882
1552
596
-136
-915
-1076
-380
597
924
62
-873
-1065
-834
84
1237
1056
376
-204
-569
159
816
530
122
-39
10
277
3
-124
80
-431
-952
-668
-27
1135
1648
588
-322
-538
-432
368
945
705
274
-490
-1058
-705
-162
602
1222
573
-553
-1024
-970
8
1684
1887
1139
205
-834
-1131
-741
87
946
450
-571
-994
-944
-133
1046
1217
354
-204
-503
-1
856
632
219
160
-56
-41
56
-5
501
182
-700
-972
-502
393
1269
848
113
-240
-483
-269
587
687
178
-396
-991
-808
-112
544
1448
1153
-144
-1058
-1127
-212
1480
1947
1088
56
-765
-1295
-909
-89
776
866
-16
-704
-624
-123
928
1130
345
-207
-852
-1320
-912
-228
626
1298
1619
1625
949
-137
-666
-593
-402
71
544
605
176
-519
-947
-1073
-728
164
1157
1363
663
-238
10
277
3
-124
80
-431
-952
-668
-27
1135
1648
588
-322
-538
-432
368
945
705
274
-490
-1058
-705
-162
602
1222
573
-553
-1024
-970
8
1684
1887
1139
205
-834
-1131
-741
87
946
450
-571
-994
-944
-133
1046
1217
354
-204
-503
-1
856
632
219
160
-56
-41
56
-5
501
182
-700
-972
-502
393
1269
848
113
-240
-483
-269
587
687
178
-396
-991
-808
-112
544
1448
1153
-144
-1058
-1127
-212
1480
1947
1088
56
-765
-1295
-909
-89
776
866
-16
-704
-624
-123
928
1130
345
-207
-852
-1320
-912
-228
626
1298
1619
1625
949
-137
-666
-593
-402
71
544
605
176
-519
-947
-1073
-728
164
1157
1363
663
-238
-711
-677
-110
969
1738
1369
16
-1291
-1869
-979
723
1603
1026
-30
-940
-1427
-1053
139
1456
1666
536
-528
-868
-648
298
1111
996
411
-380
-770
56
511
162
87
-226
-274
360
394
448
463
-176
-829
-887
-289
1162
1643
692
-146
-606
-858
-325
301
424
246
-557
-816
-456
252
1241
1263
262
-603
-967
-763
497
1685
1489
555
-360
-941
-689
-18
563
923
118
-764
-1112
-948
149
1149
884
215
-262
-407
484
1124
604
251
-26
-326
22
170
176
183
-688
-1179
-728
16
1252
1443
135
-712
-685
-488
506
1184
923
252
-592
-934
-464
189
1020
1338
248
-748
-1122
-1024
481
1927
1663
585
-356
-1021
-841
-240
632
835
-711
-677
-110
969
1738
1369
16
-1291
-1869
-979
723
1603
1026
-30
-940
-1427
-1053
139
1456
1666
536
-528
-868
-648
298
1111
996
411
-380
-770
56
511
162
87
-226
-274
360
394
448
463
-176
-829
-887
-289
1162
1643
692
-146
-606
-858
-325
301
424
246
-557
-816
-456
252
1241
1263
262
-603
-967
-763
497
1685
1489
555
-360
-941
-689
-18
563
923
118
-764
-1112
-948
149
1149
884
215
-262
-407
484
1124
604
251
-26
-326
22
170
176
183
-688
-1179
-728
16
1252
1443
135
-712
-685
-488
506
1184
923
252
-592
-934
-464
189
1020
1338
248
-748
-1122
-1024
481
1927
1663
585
-356
-1021
-841
-240
632
835
-136
-1032
-1070
-437
880
1527
666
-195
-512
-533
336
903
449
100
-311
-369
212
208
264
150
-617
-845
-384
72
1069
1253
182
-351
-560
-365
519
986
594
48
-759
-775
-280
319
1249
1422
164
-925
-1104
-736
739
1695
1268
340
-438
-960
-879
-357
389
730
-167
-801
-665
-244
653
1214
758
137
-205
-384
412
761
332
22
-416
-327
368
243
136
120
-506
-739
-473
42
1120
1324
83
-545
-553
-184
757
876
503
91
-612
-874
-441
227
1148
1283
37
-888
-1168
-909
422
1511
1299
576
-221
-889
-663
-64
721
829
-207
-953
-922
-522
457
1384
920
163
-432
-453
529
1029
372
-93
-368
-374
164
101
52
273
83
-437
-768
-1429
-1249
106
1461
2089
746
-1096
-1287
-478
338
1191
1087
336
-328
-895
-736
511
1561
1328
43
-1194
-1274
-560
718
1874
1581
487
-542
-1052
-728
538
1321
895
-307
-1093
-854
47
987
1121
304
-520
-1006
-1343
-908
-253
440
1465
2525
2777
1349
-543
-1338
-1221
-741
189
1016
1143
71
-1289
-1953
-1591
-445
717
1759
1642
486
-545
-946
-378
1163
2546
2130
240
-1503
-2235
-1769
-27
1634
1836
411
-793
-1342
-1473
-478
1076
1816
1108
-149
-996
-1108
18
1430
1416
509
-176
-527
22
486
-72
-422
-352
-341
167
736
479
155
-485
-1077
-592
453
1584
1966
734
-398
-548
-684
-171
594
563
50
-429
-515
-111
285
693
966
154
-859
-1128
-655
819
2285
1989
722
-320
-929
-1005
-337
592
752
-267
-1275
-1353
-645
822
1980
1232
62
-399
-357
139
668
451
313
81
-144
120
75
-248
-441
-839
-1057
-268
583
1570
1702
240
-811
-798
-349
576
1250
858
192
-465
-796
-620
159
1147
1366
144
-1142
-1296
-480
1173
2231
1522
241
-492
-1062
-970
-38
856
841
-400
-1371
-1126
-249
837
1246
592
-97
-556
-464
649
1334
792
234
-170
-150
255
-104
-228
-92
-637
-886
-171
945
1969
1298
-368
-835
-501
70
1044
992
176
-380
-733
-765
20
929
1316
587
-907
-1467
-1111
6
1526
1919
1008
107
-617
-1189
-518
677
1076
479
-584
-1121
-610
271
955
966
154
-859
-1128
-655
819
2285
1989
722
-320
-929
-1005
-337
592
752
-267
-1275
-1353
-645
822
1980
1232
62
-399
-357
139
668
451
313
81
-144
120
75
-248
-441
-839
-1057
-268
583
1570
1702
240
-811
-798
-349
576
1250
858
192
-465
-796
-620
159
1147
1366
144
-1142
-1296
-480
1173
2231
1522
241
-492
-1062
-970
-38
856
841
-400
-1371
-1126
-249
837
1246
592
-97
-556
-464
649
1334
792
234
-170
-150
255
-104
-228
-92
-637
-886
-171
945
1969
1298
-368
-835
-501
70
1044
992
176
-380
-733
-765
20
929
1316
587
-907
-1467
-1111
6
1526
1919
1008
107
-617
-1189
-518
677
1076
479
-584
-1121
-610
271
955
584
-128
-539
-569
218
1266
1106
246
-246
-192
374
511
66
-216
-546
-940
-623
262
1518
1727
10
-1036
-762
-258
367
818
399
-87
-541
-664
-133
769
1581
1353
19
-1068
-1211
-715
852
2128
1570
298
-626
-1183
-772
304
1151
944
-387
-1057
-840
-297
815
1339
637
-310
-744
-173
867
804
90
-112
-60
327
478
-84
-195
-248
-980
-1071
-38
1344
2055
779
-784
-938
-421
197
813
629
102
-460
-938
-481
719
1653
1532
180
-1189
-1440
-814
592
2156
1992
443
-796
-1261
-1007
-1
758
783
38
-762
-805
-247
830
1360
574
-503
-1043
-413
840
953
164
-106
-26
388
624
177
84
-89
-863
-943
-172
1039
1894
751
-926
584
-128
-539
-569
218
1266
1106
246
-246
-192
374
511
66
-216
-546
-940
-623
262
1518
1727
10
-1036
-762
-258
367
818
399
-87
-541
-664
-133
769
1581
1353
19
-1068
-1211
-715
852
2128
1570
298
-626
-1183
-772
304
1151
944
-387
-1057
-840
-297
815
1339
637
-310
-744
-173
867
804
90
-112
-60
327
478
-84
-195
-248
-980
-1071
-38
1344
2055
779
-784
-938
-421
197
813
629
102
-460
-938
-481
719
1653
1532
180
-1189
-1440
-814
592
2156
1992
443
-796
-1261
-1007
-1
758
783
38
-762
-805
-247
830
1360
574
-503
-1043
-413
840
953
164
-106
-26
388
624
177
84
-89
-863
-943
-172
1039
1894
751
-926
-1080
-559
150
1072
1049
279
-457
-656
-383
584
1535
1347
-28
-1200
-1384
-1002
496
2141
2067
618
-681
-1200
-837
-16
733
696
-112
-762
-757
-41
1023
1289
442
-355
-635
-120
799
647
-46
-161
-121
416
693
167
-37
-240
-1059
-1074
-103
1350
2142
803
-862
-986
-427
186
858
631
125
-457
-1070
-737
679
1656
1591
295
-1011
-1236
-785
712
2222
1922
422
-778
-1365
-929
150
854
664
-132
-860
-892
-128
982
1257
211
-601
-674
70
947
746
-125
-363
-176
470
672
263
-33
-430
-1132
-1002
-64
1333
2178
795
-746
-860
-426
437
1294
878
-64
-753
-1115
-513
752
1694
1596
72
-1307
-1546
-1133
443
2341
2247
482
-860
-1489
-1080
-559
150
1072
1049
279
-457
-656
-383
584
1535
1347
-28
-1200
-1384
-1002
496
2141
2067
618
-681
-1200
-837
-16
733
696
-112
-762
-757
-41
1023
1289
442
-355
-635
-120
799
647
-46
-161
-121
416
693
167
-37
-240
-1059
-1074
-103
1350
2142
803
-862
-986
-427
186
858
631
125
-457
-1070
-737
679
1656
1591
295
-1011
-1236
-785
712
2222
1922
422
-778
-1365
-929
150
854
664
-132
-860
-892
-128
982
1257
211
-601
-674
70
947
746
-125
-363
-176
470
672
263
-33
-430
-1132
-1002
-64
1333
2178
795
-746
-860
-426
437
1294
878
-64
-753
-1115
-513
752
1694
1596
72
-1307
-1546
-1133
443
2341
2247
482
-860
-1489
-1639
-1264
-437
400
719
796
854
634
641
1286
590
-528
-645
-239
760
2001
1582
71
-968
-1601
-1421
-528
432
976
454
-500
-541
148
493
481
-1
-232
426
903
822
486
-244
-1200
-1625
-864
467
1488
1587
635
-622
-1488
-1727
-400
1973
3283
2350
392
-757
-1312
-1436
-553
721
901
-354
-1375
-1562
-984
939
2228
1652
464
-270
-565
466
1303
725
215
-148
-232
255
70
-133
-272
-1173
-1479
-760
-73
1344
1908
660
-285
-543
-428
588
1224
556
31
-481
-674
-396
113
875
1344
102
-1352
-1404
-678
1155
2729
2198
703
-435
-1449
-1617
-406
977
1265
-51
-1392
-1546
-919
464
1954
1568
361
-363
-835
231
1440
967
63
-202
-144
-1639
-1264
-437
400
719
796
854
634
641
1286
590
-528
-645
-239
760
2001
1582
71
-968
-1601
-1421
-528
432
976
454
-500
-541
148
493
481
-1
-232
426
903
822
486
-244
-1200
-1625
-864
467
1488
1587
635
-622
-1488
-1727
-400
1973
3283
2350
392
-757
-1312
-1436
-553
721
901
-354
-1375
-1562
-984
939
2228
1652
464
-270
-565
466
1303
725
215
-148
-232
255
70
-133
-272
-1173
-1479
-760
-73
1344
1908
660
-285
-543
-428
588
1224
556
31
-481
-674
-396
113
875
1344
102
-1352
-1404
-678
1155
2729
2198
703
-435
-1449
-1617
-406
977
1265
-51
-1392
-1546
-919
464
1954
1568
361
-363
-835
231
1440
967
63
-202
-144
176
-39
-265
101
-385
-1189
-1030
-248
1378
2355
973
-441
-675
-623
317
1404
1151
275
-668
-1380
-934
-48
917
1635
726
-816
-1469
-1346
24
2443
2673
1172
7
-1136
-1596
-961
250
1292
696
-748
-1392
-1346
-195
1571
1849
567
-309
-770
-287
1208
1196
273
8
-137
-222
-31
35
660
308
-940
-1365
-722
630
1938
1272
-165
-489
-529
-356
855
1209
200
-716
-1280
-1071
-198
696
1889
1637
-144
-1407
-1632
-523
2000
2926
1407
-183
-1065
-1777
-1302
91
1237
1116
-61
-946
-940
-154
1429
1720
389
-391
-987
-1777
-1316
-154
849
1679
2177
2124
1023
-486
-1023
-693
-336
271
777
603
72
-633
-1191
-1311
-758
263
1380
1814
944
-424
-972
176
-39
-265
101
-385
-1189
-1030
-248
1378
2355
973
-441
-675
-623
317
1404
1151
275
-668
-1380
-934
-48
917
1635
726
-816
-1469
-1346
24
2443
2673
1172
7
-1136
-1596
-961
250
1292
696
-748
-1392
-1346
-195
1571
1849
567
-309
-770
-287
1208
1196
273
8
-137
-222
-31
35
660
308
-940
-1365
-722
630
1938
1272
-165
-489
-529
-356
855
1209
200
-716
-1280
-1071
-198
696
1889
1637
-144
-1407
-1632
-523
2000
2926
1407
-183
-1065
-1777
-1302
91
1237
1116
-61
-946
-940
-154
1429
1720
389
-391
-987
-1777
-1316
-154
849
1679
2177
2124
1023
-486
-1023
-693
-336
271
777
603
72
-633
-1191
-1311
-758
263
1380
1814
944
-424
-972
-576
139
1285
2228
1665
-272
-1927
-2426
-1230
1104
2317
1206
-429
-1378
-1814
-1346
274
2105
2353
697
-819
-1296
-1007
432
1862
1565
486
-592
-1309
-227
954
498
-4
-354
-439
353
527
542
682
-144
-1154
-1162
-378
1396
2272
912
-405
-688
-823
-392
367
571
323
-629
-1019
-531
176
1355
1671
369
-887
-1282
-1044
455
2296
2160
671
-602
-1210
-875
76
870
1275
217
-1165
-1483
-1140
251
1760
1352
85
-543
-621
390
1544
1032
340
-1
-408
-132
110
39
317
-501
-1571
-1116
-57
1438
2078
515
-884
-907
-589
560
1626
1338
450
-701
-1377
-720
284
1201
1675
384
-1151
-1524
-1289
504
2562
2374
821
-452
-1269
-1091
-218
816
1188
64
-576
139
1285
2228
1665
-272
-1927
-2426
-1230
1104
2317
1206
-429
-1378
-1814
-1346
274
2105
2353
697
-819
-1296
-1007
432
1862
1565
486
-592
-1309
-227
954
498
-4
-354
-439
353
527
542
682
-144
-1154
-1162
-378
1396
2272
912
-405
-688
-823
-392
367
571
323
-629
-1019
-531
176
1355
1671
369
-887
-1282
-1044
455
2296
2160
671
-602
-1210
-875
76
870
1275
217
-1165
-1483
-1140
251
1760
1352
85
-543
-621
390
1544
1032
340
-1
-408
-132
110
39
317
-501
-1571
-1116
-57
1438
2078
515
-884
-907
-589
560
1626
1338
450
-701
-1377
-720
284
1201
1675
384
-1151
-1524
-1289
504
2562
2374
821
-452
-1269
-1091
-218
816
1188
64
-1401
-1666
-737
1052
2173
1175
-230
-792
-890
183
1306
835
215
-349
-762
-45
360
314
285
-617
-1261
-639
219
1446
1818
307
-578
-613
-430
663
1429
690
-160
-963
-1129
-393
488
1465
1767
336
-1204
-1481
-954
962
2514
1857
436
-632
-1434
-1316
-296
675
1042
-102
-1380
-1239
-310
1096
1913
1140
130
-342
-653
380
1336
624
-37
-424
-576
201
360
60
130
-390
-842
-602
-62
1317
1929
311
-801
-651
-309
801
1315
696
-41
-832
-1290
-717
351
1574
1783
92
-1342
-1542
-1168
570
2291
1844
508
-401
-1236
-1068
19
1073
1202
-129
-1300
-1339
-806
532
2006
1470
158
-612
-890
354
1695
931
-178
-541
-657
-58
158
127
480
-56
