Gv7c1056_4
0
RAW_AUDIO_CHW
3,7,25
26.8087826
54.9509811
51.5073967
69.1845322
68.5342102
59.3660927
39.7381439
57.2943039
76.9212418
45.3726196
57.7152252
72.5360413
57.6907692
68.5663376
52.8858566
69.507988
49.9634399
36.4235001
78.8713531
83.7756042
64.289856
57.6944733
20.0175438
57.6227074
78.6895676
47.7394333
56.643261
66.2718887
56.412693
34.7574463
68.776123
89.4068069
64.2534561
63.7232742
22.9721756
47.5716248
77.3884354
69.43396
49.8298416
56.3799286
68.9407196
66.5905075
56.14608
52.1138344
52.6220207
60.9454803
56.5587463
75.7919998
62.454113
50.0737991
29.2709446
60.5058861
64.7291565
68.8188553
58.2336349
51.9763756
52.2685127
59.6117249
57.0950966
71.0513153
70.2633057
45.1105232
57.6932487
59.6978645
60.4893265
70.6566315
49.6136093
60.4086342
71.9257355
51.3672752
76.0031586
56.5288811
64.735199
60.1353798
49.98386
29.3823681
64.4813843
68.646904
55.1163788
53.3386955
75.9396133
50.5937538
73.5023956
60.9505692
60.6229401
65.3704681
46.5709648
54.2690506
58.777813
64.4548492
52.1368675
43.9642029
72.4843216
84.859436
59.5403976
41.3246002
58.332016
69.2041779
51.450737
78.6343689
23.9647808
68.6731339
55.2547874
42.0796356
66.3466034
85.6532364
66.1252594
41.8724899
53.3108177
70.4971695
54.162426
67.6836319
78.8086014
53.6215324
53.9683189
43.9931297
48.0970802
80.8307037
47.8575745
51.3538361
66.9039688
64.2316971
81.9744797
53.7511063
43.0648613
23.6272449
56.6108246
47.313961
41.5989723
79.4299469
55.6184349
45.5260429
67.6443634
61.8220596
80.9020004
62.5240479
38.0860329
52.0569992
73.9699097
81.5152359
55.0297241
48.8889542
36.304863
71.0893478
90.5474243
39.082653
57.8834076
75.2144623
60.3986168
57.4327393
31.4497738
87.8083954
59.3506279
48.6062393
39.2412834
58.0346184
97.3913116
44.7604103
51.2698441
74.4337006
65.0950546
53.72332
62.9374886
50.0671043
57.8952484
55.258091
66.3704376
72.124382
67.4939957
49.8462524
45.6914902
74.5495377
62.0452042
59.918705
52.2211189
32.9939308
70.8961258
66.2510834
79.2637177
80.9059372
74.7314606
60.5481262
72.8929138
87.801384
57.4603424
71.3154678
85.318634
76.4954758
78.6130905
69.6784592
83.9063492
64.8679352
47.7551003
92.5679321
89.0573425
76.7539673
72.2601547
34.811615
75.3855057
90.0522461
50.4418945
73.0364075
81.2508545
71.4005508
46.3428688
82.6800842
95.9466171
74.2644653
79.2261581
36.4616585
66.2766113
89.0551376
81.6750412
66.9692535
70.5806885
80.9336472
81.2453842
73.7769012
66.1666107
67.5640717
77.4443665
64.5656128
87.3787766
74.497673
70.6532288
41.5915642
76.5733109
76.0393524
83.2340469
75.1330414
67.6861954
65.3800888
77.8946075
65.2153931
82.6797485
80.9637756
64.7033005
78.3343964
75.4333038
72.0482254
80.3565598
61.6490135
77.3003616
79.6523819
63.6173248
79.8695068
64.6154251
75.9037247
77.6083069
70.7462845
42.3386612
78.0953751
77.9838486
65.8996124
70.8531342
84.5564728
62.3735161
79.0908661
67.2054901
71.6587601
81.4693451
66.1285019
75.1479263
77.4101639
80.1735229
67.3752213
58.6630402
86.5893402
101.557251
71.8107224
54.1733971
73.9512787
81.6220245
59.9245872
86.7629395
32.9107971
86.6741486
70.1347046
56.8845978
80.4926376
101.849838
79.7945633
53.6678772
69.1686325
83.4051056
63.7506828
74.7952271
87.4614563
62.2359123
70.5783157
65.7347107
68.9604721
95.7522049
60.7457008
62.4962616
75.710968
74.8349838
94.2742233
68.0239716
61.9981613
29.8688564
72.0365601
68.271431
63.3025932
95.4282532
68.63414
57.2493172
76.5500259
71.8175507
92.8997421
76.4105453
55.5331573
72.5198669
87.6733093
99.2822266
70.2439651
59.6557808
45.9935684
86.9882202
100.215218
49.4687195
67.8884125
82.2017441
69.9038467
74.0084763
38.6518822
106.843254
74.7455063
60.4754028
48.0109901
73.5312119
108.306572
54.4051247
61.9925461
81.4149246
74.1920776
68.0729752
77.1211472
70.8825989
75.7746887
70.3768768
81.6407166
84.8395996
80.8820648
62.0103989
58.5746994
89.7651138
76.7746735
64.1363907
67.0716324
34.3039818
67.2896652
62.2371597
81.884903
87.3756866
81.407608
58.5931549
80.124649
98.0471878
57.7363853
68.4927063
82.8058014
71.6195984
81.9311447
69.2156143
90.8786011
67.0157089
50.1097984
96.706131
93.0723953
78.6209488
73.4128647
33.6747856
75.3704681
99.47892
56.3489914
72.5533752
86.7807999
75.3226013
47.626133
87.0769348
99.8147507
76.9848633
80.0305252
36.5383682
64.3768768
98.0604172
81.9276352
64.1284866
76.6005859
90.5282898
85.7223663
72.1107635
69.5260391
75.6335297
79.9650269
67.6290131
89.9318466
78.7772293
65.6687393
39.7842522
80.3956985
85.8769379
89.0424881
74.3120575
68.8656387
74.1490326
80.8127365
68.5496902
84.4952011
86.4610367
60.2395668
72.7199326
71.0181961
71.8884811
85.6434097
61.6733704
85.3913803
93.0566254
63.6379967
87.9246292
66.7828598
78.435112
79.5514832
67.9368591
35.4565811
75.6797943
83.8801651
66.4577789
75.9962845
99.4560013
63.7095413
85.3915329
71.6496506
72.6017685
85.2596283
62.6672554
73.9525604
79.0672531
79.9758682
67.2163925
57.1633682
83.3072815
99.9367142
73.0695114
53.1590919
77.482338
83.8120193
62.1394348
86.5830231
33.3376427
85.9862442
70.3564072
55.5199242
77.6743774
99.3067398
81.2401581
52.4116287
71.9813995
86.2181091
65.753952
75.4161835
90.7770386
71.923645
77.8889008
62.9125099
76.4551468
99.4723434
62.5663414
64.3143768
80.9679947
76.5511398
99.134079
65.0238266
52.4064941
30.9763641
83.0449066
65.2215805
69.031189
100.651283
70.4042053
58.7554588
81.7017746
73.9545364
97.428978
75.4891968
47.0893288
65.1471558
89.7196503
100.061005
71.9624405
64.7260208
47.5716209
90.3334427
103.060204
52.190937
74.1479721
86.137207
76.0747833
76.5681915
40.9815559
108.649307
75.372261
65.7873383
50.0501289
76.2440109
111.829697
56.473484
68.1988144
85.5877151
80.0073929
71.6410751
76.4061356
69.356163
74.2947235
73.762085
84.1338425
83.9351044
79.2087784
59.2768669
60.4266472
94.9171677
77.206543
71.7691803
67.7289886
