Gv7c1056_178
0
RAW_AUDIO_CHW
3,7,256
78
46
30
10
-10
-9
-9
-9
8
22
46
72
85
100
105
87
58
58
51
57
45
56
84
90
104
121
132
111
96
76
55
26
1
-11
-9
12
29
62
66
71
84
92
95
113
102
79
68
29
16
6
1
23
53
88
79
61
88
105
93
88
85
52
41
47
56
69
63
63
72
71
66
70
82
78
75
44
-3
-32
-46
-37
-28
-1
37
73
104
119
132
143
140
136
121
89
61
31
-3
-12
-14
11
35
60
80
90
110
112
124
107
87
79
50
21
23
28
24
38
67
98
117
142
153
155
142
107
67
27
-4
-33
-26
-18
-2
21
35
51
66
63
72
49
20
16
-4
4
16
24
55
83
119
139
138
109
98
99
78
66
50
20
15
12
3
8
31
71
100
116
98
99
102
77
64
41
-1
13
34
35
60
87
95
90
95
88
93
102
82
59
30
23
25
5
10
39
50
53
64
62
83
108
101
113
91
68
39
2
8
4
8
48
64
84
111
134
142
148
131
103
89
52
26
-18
-28
-16
-9
30
44
57
78
93
126
107
95
78
20
10
-7
-9
-8
9
63
97
114
122
124
119
118
99
81
54
16
4
-7
-4
-4
10
35
66
80
73
71
83
-2
21
35
51
66
63
72
49
20
16
-4
4
16
24
55
83
119
139
138
109
98
99
78
66
50
20
15
12
3
8
31
71
100
116
98
99
102
77
64
41
-1
13
34
35
60
87
95
90
95
88
93
102
82
59
30
23
25
5
10
39
50
53
64
62
83
108
101
113
91
68
39
2
8
4
8
48
64
84
111
134
142
148
131
103
89
52
26
-18
-28
-16
-9
30
44
57
78
93
126
107
95
78
20
10
-7
-9
-8
9
63
97
114
122
124
119
118
99
81
54
16
4
-7
-4
-4
10
35
66
80
73
71
83
81
80
64
37
18
6
15
35
71
115
126
124
109
96
66
45
31
19
16
19
9
2
17
30
59
73
75
108
111
115
136
117
96
86
66
54
48
42
39
60
71
56
72
77
71
73
65
57
58
72
64
44
22
43
58
76
79
83
95
93
76
56
40
25
32
2
-1
15
36
46
70
86
90
115
130
122
111
75
54
33
18
27
35
37
56
52
73
103
98
93
67
28
10
-5
-11
-22
-21
4
37
64
82
96
110
114
116
95
82
57
40
21
10
16
18
9
33
76
85
119
113
108
98
85
58
34
17
11
19
5
81
80
64
37
18
6
15
35
71
115
126
124
109
96
66
45
31
19
16
19
9
2
17
30
59
73
75
108
111
115
136
117
96
86
66
54
48
42
39
60
71
56
72
77
71
73
65
57
58
72
64
44
22
43
58
76
79
83
95
93
76
56
40
25
32
2
-1
15
36
46
70
86
90
115
130
122
111
75
54
33
18
27
35
37
56
52
73
103
98
93
67
28
10
-5
-11
-22
-21
4
37
64
82
96
110
114
116
95
82
57
40
21
10
16
18
9
33
76
85
119
113
108
98
85
58
34
17
11
19
5
12
27
41
78
112
129
132
140
107
105
100
100
88
73
68
64
49
40
34
11
11
23
34
36
50
59
52
55
40
33
41
58
78
94
100
95
81
66
52
61
56
69
53
41
43
46
51
63
71
77
87
92
80
71
58
74
79
69
60
22
1
5
26
19
35
63
72
66
81
62
57
72
47
56
52
67
88
103
108
124
107
86
80
67
44
56
31
11
-1
9
32
40
80
90
97
117
109
91
58
58
76
71
70
62
58
35
49
53
56
64
63
55
28
20
18
17
35
53
52
60
50
38
39
58
71
78
93
104
12
27
41
78
112
129
132
140
107
105
100
100
88
73
68
64
49
40
34
11
11
23
34
36
50
59
52
55
40
33
41
58
78
94
100
95
81
66
52
61
56
69
53
41
43
46
51
63
71
77
87
92
80
71
58
74
79
69
60
22
1
5
26
19
35
63
72
66
81
62
57
72
47
56
52
67
88
103
108
124
107
86
80
67
44
56
31
11
-1
9
32
40
80
90
97
117
109
91
58
58
76
71
70
62
58
35
49
53
56
64
63
55
28
20
18
17
35
53
52
60
50
38
39
58
71
78
93
104
82
66
53
76
63
57
43
20
26
40
38
27
32
53
80
80
79
74
88
88
80
58
32
34
52
71
84
71
75
85
57
44
32
53
63
52
53
52
64
71
93
116
115
118
89
49
46
57
74
66
46
26
7
28
55
46
51
62
63
54
53
58
53
65
65
54
68
80
90
88
88
95
66
47
30
7
11
-6
-5
16
36
84
82
74
83
76
80
77
68
73
78
72
55
56
54
56
58
54
45
54
73
70
66
57
58
56
50
29
26
61
63
63
64
63
46
56
80
89
112
116
101
70
41
40
31
45
59
57
82
66
53
76
63
57
43
20
26
40
38
27
32
53
80
80
79
74
88
88
80
58
32
34
52
71
84
71
75
85
57
44
32
53
63
52
53
52
64
71
93
116
115
118
89
49
46
57
74
66
46
26
7
28
55
46
51
62
63
54
53
58
53
65
65
54
68
80
90
88
88
95
66
47
30
7
11
-6
-5
16
36
84
82
74
83
76
80
77
68
73
78
72
55
56
54
56
58
54
45
54
73
70
66
57
58
56
50
29
26
61
63
63
64
63
46
56
80
89
112
116
101
70
41
40
31
45
59
57
51
66
61
44
48
66
68
66
50
41
57
77
82
89
84
78
59
55
53
61
82
98
104
70
35
11
20
26
38
50
43
43
67
63
80
105
110
96
78
71
51
52
47
40
45
46
57
45
38
58
51
35
32
8
9
20
27
50
72
92
104
107
111
109
112
103
90
73
48
37
21
-6
4
11
28
44
64
61
68
87
90
92
91
72
52
35
49
87
90
102
102
108
98
89
80
81
70
78
79
44
37
13
12
30
28
27
31
28
45
53
62
86
93
110
103
92
64
53
43
7
0
0
11
18
40
60
66
71
51
66
61
44
48
66
68
66
50
41
57
77
82
89
84
78
59
55
53
61
82
98
104
70
35
11
20
26
38
50
43
43
67
63
80
105
110
96
78
71
51
52
47
40
45
46
57
45
38
58
51
35
32
8
9
20
27
50
72
92
104
107
111
109
112
103
90
73
48
37
21
-6
4
11
28
44
64
61
68
87
90
92
91
72
52
35
49
87
90
102
102
108
98
89
80
81
70
78
79
44
37
13
12
30
28
27
31
28
45
53
62
86
93
110
103
92
64
53
43
7
0
0
11
18
40
60
66
71
82
87
97
109
101
70
59
68
60
76
75
67
67
59
60
44
45
39
49
45
58
54
40
55
69
73
82
89
88
83
83
65
57
58
55
57
57
62
60
60
62
50
42
15
9
0
-19
-19
-16
-8
12
43
64
99
110
125
118
86
90
72
45
31
20
3
16
38
57
81
92
108
106
96
95
87
78
91
70
52
43
39
52
54
57
80
89
71
79
67
79
84
82
74
27
26
19
-1
17
6
12
45
42
44
67
77
100
95
95
84
59
57
51
42
47
59
40
45
47
69
81
87
93
81
67
50
38
28
42
65
82
87
97
109
101
70
59
68
60
76
75
67
67
59
60
44
45
39
49
45
58
54
40
55
69
73
82
89
88
83
83
65
57
58
55
57
57
62
60
60
62
50
42
15
9
0
-19
-19
-16
-8
12
43
64
99
110
125
118
86
90
72
45
31
20
3
16
38
57
81
92
108
106
96
95
87
78
91
70
52
43
39
52
54
57
80
89
71
79
67
79
84
82
74
27
26
19
-1
17
6
12
45
42
44
67
77
100
95
95
84
59
57
51
42
47
59
40
45
47
69
81
87
93
81
67
50
38
28
42
65
79
78
64
71
80
97
108
92
91
66
51
47
35
64
51
62
84
78
85
74
59
60
56
37
16
21
27
36
52
76
82
60
59
54
40
49
53
21
19
37
46
61
74
82
94
110
102
100
90
80
88
81
75
89
80
60
45
31
30
25
18
27
27
38
41
33
52
59
78
71
54
52
47
64
73
71
81
59
45
35
42
73
89
79
78
80
70
70
39
19
48
40
40
39
38
53
51
88
126
110
121
113
84
84
68
51
55
58
54
46
54
50
59
52
43
36
19
26
15
35
45
44
66
65
55
64
61
74
106
71
46
21
10
-1
5
22
25
48
63
81
101
105
107
104
72
59
56
50
59
78
108
129
142
148
141
108
93
73
40
20
12
-1
3
30
62
72
87
86
88
106
99
106
110
90
58
30
11
23
39
58
102
112
107
93
81
100
93
88
84
60
48
50
61
78
91
91
92
107
106
91
96
88
65
47
7
-17
-30
-12
14
28
59
100
136
142
148
144
134
122
119
107
80
46
23
-1
4
29
70
100
111
108
114
120
111
104
90
72
56
40
35
43
52
77
111
120
132
140
142
138
130
131
76
24
7
-12
-6
2
19
49
60
68
74
73
68
51
38
27
26
14
23
47
75
111
142
166
168
145
111
101
90
81
70
44
15
10
18
30
66
108
119
124
100
75
82
78
74
57
42
23
49
83
93
118
121
114
115
104
87
87
89
51
33
15
7
22
32
46
78
94
108
110
100
111
104
92
89
66
54
31
18
24
29
53
81
108
144
159
141
129
121
93
62
49
31
18
-1
20
41
49
78
73
84
109
103
114
83
59
34
6
19
14
30
64
96
134
150
143
127
108
110
109
89
66
59
27
24
7
12
31
58
102
102
94
74
68
19
49
60
68
74
73
68
51
38
27
26
14
23
47
75
111
142
166
168
145
111
101
90
81
70
44
15
10
18
30
66
108
119
124
100
75
82
78
74
57
42
23
49
83
93
118
121
114
115
104
87
87
89
51
33
15
7
22
32
46
78
94
108
110
100
111
104
92
89
66
54
31
18
24
29
53
81
108
144
159
141
129
121
93
62
49
31
18
-1
20
41
49
78
73
84
109
103
114
83
59
34
6
19
14
30
64
96
134
150
143
127
108
110
109
89
66
59
27
24
7
12
31
58
102
102
94
74
68
67
78
79
50
45
46
56
70
93
113
141
139
126
92
58
48
43
43
22
26
24
33
38
55
78
92
111
120
118
116
103
114
104
84
87
71
73
71
71
80
94
87
75
85
79
56
63
58
49
55
66
62
53
63
91
104
106
98
84
83
71
54
36
36
34
43
44
41
52
67
98
111
124
119
135
113
88
64
28
28
34
63
66
84
89
110
108
127
133
89
59
28
2
4
0
4
22
44
75
89
109
132
124
130
128
105
73
56
38
25
25
18
48
59
70
100
110
115
135
126
106
85
45
25
18
23
36
49
67
78
79
50
45
46
56
70
93
113
141
139
126
92
58
48
43
43
22
26
24
33
38
55
78
92
111
120
118
116
103
114
104
84
87
71
73
71
71
80
94
87
75
85
79
56
63
58
49
55
66
62
53
63
91
104
106
98
84
83
71
54
36
36
34
43
44
41
52
67
98
111
124
119
135
113
88
64
28
28
34
63
66
84
89
110
108
127
133
89
59
28
2
4
0
4
22
44
75
89
109
132
124
130
128
105
73
56
38
25
25
18
48
59
70
100
110
115
135
126
106
85
45
25
18
23
36
49
40
40
61
92
131
145
154
146
126
94
104
107
103
93
85
75
61
55
47
44
33
34
53
52
47
51
34
44
56
62
79
76
97
106
118
110
88
88
58
47
45
43
58
45
56
75
70
81
110
122
112
105
89
74
59
56
68
76
66
52
30
30
46
52
36
50
82
87
87
80
48
54
76
73
81
104
116
127
132
138
118
97
85
70
59
47
58
47
31
35
45
66
92
126
115
106
114
96
77
77
77
80
75
85
83
78
78
76
67
59
64
59
55
44
44
31
30
56
65
70
79
72
56
67
90
88
101
114
40
40
61
92
131
145
154
146
126
94
104
107
103
93
85
75
61
55
47
44
33
34
53
52
47
51
34
44
56
62
79
76
97
106
118
110
88
88
58
47
45
43
58
45
56
75
70
81
110
122
112
105
89
74
59
56
68
76
66
52
30
30
46
52
36
50
82
87
87
80
48
54
76
73
81
104
116
127
132
138
118
97
85
70
59
47
58
47
31
35
45
66
92
126
115
106
114
96
77
77
77
80
75
85
83
78
78
76
67
59
64
59
55
44
44
31
30
56
65
70
79
72
56
67
90
88
101
114
94
87
72
76
81
61
72
52
47
64
74
60
39
54
70
93
103
88
86
84
89
81
71
72
84
94
95
83
63
72
85
55
40
39
46
65
79
84
93
101
116
136
127
110
88
69
50
62
68
70
60
47
51
53
72
88
73
67
67
63
73
73
67
60
68
58
64
86
106
121
119
95
81
55
37
22
13
24
11
31
66
84
102
89
92
88
80
103
97
77
82
76
72
63
69
86
86
96
86
75
82
90
79
63
63
63
61
52
27
33
76
71
71
68
61
72
80
100
107
106
95
85
75
54
50
57
69
86
94
87
72
76
81
61
72
52
47
64
74
60
39
54
70
93
103
88
86
84
89
81
71
72
84
94
95
83
63
72
85
55
40
39
46
65
79
84
93
101
116
136
127
110
88
69
50
62
68
70
60
47
51
53
72
88
73
67
67
63
73
73
67
60
68
58
64
86
106
121
119
95
81
55
37
22
13
24
11
31
66
84
102
89
92
88
80
103
97
77
82
76
72
63
69
86
86
96
86
75
82
90
79
63
63
63
61
52
27
33
76
71
71
68
61
72
80
100
107
106
95
85
75
54
50
57
69
86
79
73
78
56
72
71
63
66
49
55
61
86
99
88
90
81
79
76
76
85
94
120
124
95
55
27
18
37
57
59
56
66
80
99
103
116
119
103
94
80
49
47
62
68
75
76
80
72
62
66
58
41
29
27
18
31
65
60
80
103
108
128
127
132
124
112
107
87
65
36
24
19
0
35
47
65
80
80
65
80
102
89
85
73
66
60
65
88
108
111
132
136
126
118
90
75
84
89
86
76
39
33
25
22
45
29
40
65
66
68
78
68
81
113
139
124
89
60
53
36
16
18
22
52
75
77
80
66
79
73
78
56
72
71
63
66
49
55
61
86
99
88
90
81
79
76
76
85
94
120
124
95
55
27
18
37
57
59
56
66
80
99
103
116
119
103
94
80
49
47
62
68
75
76
80
72
62
66
58
41
29
27
18
31
65
60
80
103
108
128
127
132
124
112
107
87
65
36
24
19
0
35
47
65
80
80
65
80
102
89
85
73
66
60
65
88
108
111
132
136
126
118
90
75
84
89
86
76
39
33
25
22
45
29
40
65
66
68
78
68
81
113
139
124
89
60
53
36
16
18
22
52
75
77
80
66
86
98
102
99
91
87
70
74
93
105
115
92
74
87
77
68
63
62
58
61
62
68
63
60
88
88
75
87
94
94
96
87
63
66
80
64
66
80
87
93
93
80
47
27
17
-1
0
6
-1
5
25
57
78
103
145
144
136
132
96
82
62
37
39
23
19
45
74
102
122
121
133
140
122
109
80
78
79
71
49
49
48
55
83
97
119
113
105
111
102
106
80
79
62
22
30
16
11
24
18
48
74
86
71
70
84
110
106
93
86
65
63
62
48
68
74
68
80
83
79
79
76
74
64
55
51
53
62
66
86
98
102
99
91
87
70
74
93
105
115
92
74
87
77
68
63
62
58
61
62
68
63
60
88
88
75
87
94
94
96
87
63
66
80
64
66
80
87
93
93
80
47
27
17
-1
0
6
-1
5
25
57
78
103
145
144
136
132
96
82
62
37
39
23
19
45
74
102
122
121
133
140
122
109
80
78
79
71
49
49
48
55
83
97
119
113
105
111
102
106
80
79
62
22
30
16
11
24
18
48
74
86
71
70
84
110
106
93
86
65
63
62
48
68
74
68
80
83
79
79
76
74
64
55
51
53
62
66
84
93
91
104
112
117
112
91
85
68
52
63
70
67
85
80
77
89
90
91
77
52
56
46
40
33
36
54
73
93
87
99
80
74
64
60
55
41
23
30
56
64
87
100
97
104
117
108
112
108
101
97
96
90
86
78
65
57
39
41
36
20
38
56
55
62
60
78
83
79
82
61
56
69
90
81
81
93
76
71
79
70
90
96
85
90
69
56
56
26
43
63
57
60
63
69
88
93
105
124
125
132
117
85
84
71
60
72
71
58
61
75
68
68
57
37
17
31
35
41
59
60
77
85
84
92
74
77
74
48
26
10
4
8
17
25
39
55
77
106
106
110
112
84
65
54
67
83
89
113
130
142
148
152
135
119
78
45
24
7
-1
3
28
45
76
108
119
116
116
103
107
108
78
77
57
29
24
27
33
68
108
133
116
95
113
109
93
88
65
37
38
62
79
97
95
83
102
103
91
109
94
78
66
22
-24
-53
-47
-28
-4
29
78
120
148
165
163
144
140
127
111
82
59
31
-5
-7
16
47
80
108
120
126
124
131
124
80
68
59
45
32
42
59
72
93
121
149
152
162
158
147
133
85
45
25
-9
-16
8
11
31
56
80
84
68
63
60
34
8
4
8
33
56
70
108
148
161
178
154
116
109
82
66
60
46
32
32
42
47
70
103
110
137
128
112
95
78
66
44
27
8
32
66
72
112
134
122
128
124
114
110
90
67
44
15
9
19
12
28
75
87
100
102
89
104
103
108
104
67
57
11
-3
7
15
44
91
130
142
168
161
159
142
108
85
55
15
-3
-14
8
27
42
85
87
90
106
107
118
99
77
58
6
-4
-1
14
47
85
136
164
161
158
131
126
105
91
76
52
32
12
14
24
40
46
84
92
93
82
81
75
31
56
80
84
68
63
60
34
8
4
8
33
56
70
108
148
161
178
154
116
109
82
66
60
46
32
32
42
47
70
103
110
137
128
112
95
78
66
44
27
8
32
66
72
112
134
122
128
124
114
110
90
67
44
15
9
19
12
28
75
87
100
102
89
104
103
108
104
67
57
11
-3
7
15
44
91
130
142
168
161
159
142
108
85
55
15
-3
-14
8
27
42
85
87
90
106
107
118
99
77
58
6
-4
-1
14
47
85
136
164
161
158
131
126
105
91
76
52
32
12
14
24
40
46
84
92
93
82
81
75
70
70
53
49
31
45
62
87
119
163
155
129
120
88
63
40
27
17
18
22
21
36
58
84
104
108
105
108
120
123
130
114
95
89
77
69
77
75
87
103
108
87
83
80
68
79
70
58
46
59
65
53
71
83
108
112
111
103
99
86
59
42
28
28
19
8
10
40
77
92
116
128
120
126
119
107
76
37
42
28
35
57
78
100
111
107
113
128
104
87
63
26
6
-1
-1
8
7
58
100
118
147
141
139
123
108
89
64
54
31
25
22
39
47
55
88
116
126
138
124
105
96
81
65
36
20
27
39
46
70
70
53
49
31
45
62
87
119
163
155
129
120
88
63
40
27
17
18
22
21
36
58
84
104
108
105
108
120
123
130
114
95
89
77
69
77
75
87
103
108
87
83
80
68
79
70
58
46
59
65
53
71
83
108
112
111
103
99
86
59
42
28
28
19
8
10
40
77
92
116
128
120
126
119
107
76
37
42
28
35
57
78
100
111
107
113
128
104
87
63
26
6
-1
-1
8
7
58
100
118
147
141
139
123
108
89
64
54
31
25
22
39
47
55
88
116
126
138
124
105
96
81
65
36
20
27
39
46
45
67
70
111
131
148
138
127
108
102
102
105
117
95
89
84
83
60
53
32
13
26
15
21
51
52
66
60
47
38
56
96
107
119
116
94
89
62
54
59
47
66
55
51
61
69
92
107
112
104
100
99
86
64
65
79
93
83
79
51
28
40
48
45
60
91
71
67
81
53
64
65
68
81
105
120
145
149
155
143
116
90
66
48
43
50
50
28
36
48
52
73
111
121
122
124
116
92
62
60
74
90
98
93
68
63
74
79
80
77
66
52
28
22
21
22
56
69
79
77
67
60
64
96
100
102
113
99
45
67
70
111
131
148
138
127
108
102
102
105
117
95
89
84
83
60
53
32
13
26
15
21
51
52
66
60
47
38
56
96
107
119
116
94
89
62
54
59
47
66
55
51
61
69
92
107
112
104
100
99
86
64
65
79
93
83
79
51
28
40
48
45
60
91
71
67
81
53
64
65
68
81
105
120
145
149
155
143
116
90
66
48
43
50
50
28
36
48
52
73
111
121
122
124
116
92
62
60
74
90
98
93
68
63
74
79
80
77
66
52
28
22
21
22
56
69
79
77
67
60
64
96
100
102
113
99
100
71
67
84
71
81
71
46
35
58
70
47
66
67
80
90
76
79
90
97
111
78
65
62
78
95
98
87
85
78
64
34
35
48
56
72
70
85
93
106
127
140
128
112
75
40
29
51
71
70
63
39
15
43
76
69
78
82
72
66
65
69
64
85
87
88
95
113
105
116
119
109
68
41
24
10
12
3
12
36
67
117
119
101
106
95
97
90
71
82
78
78
75
82
84
75
89
88
73
77
78
76
61
69
70
64
51
41
54
81
76
79
79
70
62
70
94
108
127
130
110
82
52
45
63
77
94
81
100
71
67
84
71
81
71
46
35
58
70
47
66
67
80
90
76
79
90
97
111
78
65
62
78
95
98
87
85
78
64
34
35
48
56
72
70
85
93
106
127
140
128
112
75
40
29
51
71
70
63
39
15
43
76
69
78
82
72
66
65
69
64
85
87
88
95
113
105
116
119
109
68
41
24
10
12
3
12
36
67
117
119
101
106
95
97
90
71
82
78
78
75
82
84
75
89
88
73
77
78
76
61
69
70
64
51
41
54
81
76
79
79
70
62
70
94
108
127
130
110
82
52
45
63
77
94
81
89
98
70
63
58
66
71
75
64
44
69
96
98
114
107
96
80
66
78
82
92
120
108
78
46
32
27
38
58
67
68
71
83
90
108
119
110
86
84
63
58
64
60
66
70
83
84
63
55
58
50
31
28
20
8
37
55
81
115
126
146
145
137
124
110
95
76
51
34
20
18
-1
36
43
57
71
75
77
97
109
100
98
79
73
56
51
69
105
120
131
137
124
127
112
93
87
83
88
82
59
47
25
16
43
36
56
52
56
72
84
91
95
114
113
111
94
69
63
60
37
19
29
30
49
66
84
77
91
89
98
70
63
58
66
71
75
64
44
69
96
98
114
107
96
80
66
78
82
92
120
108
78
46
32
27
38
58
67
68
71
83
90
108
119
110
86
84
63
58
64
60
66
70
83
84
63
55
58
50
31
28
20
8
37
55
81
115
126
146
145
137
124
110
95
76
51
34
20
18
-1
36
43
57
71
75
77
97
109
100
98
79
73
56
51
69
105
120
131
137
124
127
112
93
87
83
88
82
59
47
25
16
43
36
56
52
56
72
84
91
95
114
113
111
94
69
63
60
37
19
29
30
49
66
84
77
91
82
88
98
111
115
83
93
102
94
92
103
104
87
82
66
52
48
46
59
68
84
82
68
93
99
100
103
98
91
88
84
79
67
88
75
85
98
85
92
86
83
81
49
21
10
-6
-16
-18
6
13
55
84
121
140
137
133
119
95
78
69
39
38
15
17
44
72
93
115
122
126
133
111
115
92
87
78
56
39
42
63
80
86
76
114
107
101
103
96
115
99
100
78
23
32
18
10
33
32
44
65
60
60
86
98
100
105
99
77
58
56
57
53
75
83
68
70
68
66
84
92
83
84
69
65
42
50
65
87
82
88
98
111
115
83
93
102
94
92
103
104
87
82
66
52
48
46
59
68
84
82
68
93
99
100
103
98
91
88
84
79
67
88
75
85
98
85
92
86
83
81
49
21
10
-6
-16
-18
6
13
55
84
121
140
137
133
119
95
78
69
39
38
15
17
44
72
93
115
122
126
133
111
115
92
87
78
56
39
42
63
80
86
76
114
107
101
103
96
115
99
100
78
23
32
18
10
33
32
44
65
60
60
86
98
100
105
99
77
58
56
57
53
75
83
68
70
68
66
84
92
83
84
69
65
42
50
65
87
109
100
94
92
104
117
103
95
85
65
64
51
61
75
81
102
109
113
92
79
62
51
52
22
10
20
36
52
93
118
117
91
91
78
50
57
57
41
37
46
47
65
102
118
136
152
130
125
98
94
95
88
82
80
79
67
78
61
54
51
42
48
50
56
66
56
67
81
87
89
82
87
81
92
102
108
116
75
57
53
52
84
108
104
98
85
72
61
36
36
56
60
62
58
58
50
75
115
137
135
120
108
84
79
69
64
70
69
63
67
65
59
70
61
55
29
24
9
19
49
58
63
71
82
84
76
84
82
