Gv8c1220_180
3
RAW_AUDIO_CHW
3,7,256
300
1253
1723
429
-551
-115
159
-36
33
-210
-825
-726
28
533
632
436
-155
-335
242
506
119
-356
-603
-836
-583
23
559
669
740
989
637
-421
-1065
-1034
-399
390
191
-532
-321
-38
286
743
275
-262
379
838
815
454
115
668
1097
553
183
316
223
100
-323
-1010
-1104
-746
-297
8
159
69
-36
254
800
852
347
174
-179
-1240
-1510
-706
163
1045
1694
1186
161
-122
185
26
-164
-825
-1390
-675
78
199
623
687
-161
64
983
164
-572
-201
503
1338
1297
371
276
765
1262
741
-980
-1731
-1324
-400
388
222
-17
139
278
780
1174
378
-255
-361
-715
-650
-388
-727
-673
52
914
1131
295
-279
-233
-373
-9
285
-89
64
188
-277
-194
207
106
464
844
114
124
551
530
794
567
-161
-54
543
718
189
-658
-952
-711
-374
-24
-211
-438
0
786
1358
1223
295
-556
-566
119
429
-74
-924
-1360
-882
564
1340
997
228
-625
-715
91
378
-1
-8
69
-318
-369
16
-1
293
1013
470
69
560
497
561
647
211
795
1307
777
107
-713
-709
-263
-538
-507
-212
-348
-409
-164
264
251
-174
-80
322
244
28
216
24
-424
-710
-522
-80
289
440
285
-251
293
1317
799
-40
-409
-926
-686
255
269
-211
109
387
450
1199
916
387
887
808
337
405
117
-301
-381
-489
-399
-392
-489
-50
468
448
-233
-373
-9
285
-89
64
188
-277
-194
207
106
464
844
114
124
551
530
794
567
-161
-54
543
718
189
-658
-952
-711
-374
-24
-211
-438
0
786
1358
1223
295
-556
-566
119
429
-74
-924
-1360
-882
564
1340
997
228
-625
-715
91
378
-1
-8
69
-318
-369
16
-1
293
1013
470
69
560
497
561
647
211
795
1307
777
107
-713
-709
-263
-538
-507
-212
-348
-409
-164
264
251
-174
-80
322
244
28
216
24
-424
-710
-522
-80
289
440
285
-251
293
1317
799
-40
-409
-926
-686
255
269
-211
109
387
450
1199
916
387
887
808
337
405
117
-301
-381
-489
-399
-392
-489
-50
468
448
-228
-809
-549
228
800
726
207
30
125
-141
-518
-628
-361
134
321
93
-162
-624
-592
510
879
634
516
-83
-943
-835
-262
301
1090
956
388
722
1083
1347
1387
423
-470
-256
9
-274
-429
-569
-600
-256
18
-118
-260
8
-63
-445
-262
153
165
256
140
-236
51
411
213
23
-300
-280
239
530
254
-275
-429
13
310
507
747
143
-292
-246
-521
-58
823
682
415
700
652
851
922
21
-323
165
376
6
-585
-931
-598
60
418
18
-514
-92
465
176
-4
-86
-170
252
495
-93
-628
-372
-66
-32
67
64
22
1
-79
125
318
71
0
-12
184
630
292
-211
-206
-14
501
653
456
140
-228
-809
-549
228
800
726
207
30
125
-141
-518
-628
-361
134
321
93
-162
-624
-592
510
879
634
516
-83
-943
-835
-262
301
1090
956
388
722
1083
1347
1387
423
-470
-256
9
-274
-429
-569
-600
-256
18
-118
-260
8
-63
-445
-262
153
165
256
140
-236
51
411
213
23
-300
-280
239
530
254
-275
-429
13
310
507
747
143
-292
-246
-521
-58
823
682
415
700
652
851
922
21
-323
165
376
6
-585
-931
-598
60
418
18
-514
-92
465
176
-4
-86
-170
252
495
-93
-628
-372
-66
-32
67
64
22
1
-79
125
318
71
0
-12
184
630
292
-211
-206
-14
501
653
456
140
-28
278
891
1099
780
250
-288
-309
-66
56
-71
-490
-696
-477
-253
95
650
766
350
41
-68
-244
10
198
-632
-1136
-463
-116
-395
-77
533
746
783
416
-317
-652
-540
-176
266
507
670
394
-591
-838
-185
644
1682
1598
569
223
177
337
1003
773
119
-401
-882
-472
78
97
-74
-540
-423
-264
-636
-349
274
455
456
633
783
666
194
-467
-859
-845
-512
-328
-191
131
382
376
460
495
168
343
511
-315
-443
-108
-265
-25
307
263
360
622
334
27
174
420
939
1149
471
-422
-660
-50
532
253
-368
-433
-281
-138
447
378
-383
-469
-320
-4
524
385
216
-35
-726
-842
-755
-405
802
1327
-28
278
891
1099
780
250
-288
-309
-66
56
-71
-490
-696
-477
-253
95
650
766
350
41
-68
-244
10
198
-632
-1136
-463
-116
-395
-77
533
746
783
416
-317
-652
-540
-176
266
507
670
394
-591
-838
-185
644
1682
1598
569
223
177
337
1003
773
119
-401
-882
-472
78
97
-74
-540
-423
-264
-636
-349
274
455
456
633
783
666
194
-467
-859
-845
-512
-328
-191
131
382
376
460
495
168
343
511
-315
-443
-108
-265
-25
307
263
360
622
334
27
174
420
939
1149
471
-422
-660
-50
532
253
-368
-433
-281
-138
447
378
-383
-469
-320
-4
524
385
216
-35
-726
-842
-755
-405
802
1327
439
-511
-650
-320
490
940
214
-182
-257
-159
213
-99
-15
299
455
486
427
511
601
546
82
-62
608
1239
1052
8
-765
-429
-16
118
42
-510
-731
-608
-445
-54
267
255
152
231
261
47
-283
-603
-790
-695
-252
344
686
684
567
670
458
578
461
-569
-937
-517
-322
342
783
377
-56
-176
-32
623
1268
651
-67
-271
55
1045
1448
744
-412
-1146
-640
421
638
102
-659
-1119
-733
-145
194
412
486
215
-59
-22
88
-66
-426
-454
-203
39
214
359
507
475
111
-85
-81
-438
-510
-142
270
508
840
346
-229
151
312
-19
53
129
-57
16
363
1016
1752
1311
88
-468
-199
454
376
-548
439
-511
-650
-320
490
940
214
-182
-257
-159
213
-99
-15
299
455
486
427
511
601
546
82
-62
608
1239
1052
8
-765
-429
-16
118
42
-510
-731
-608
-445
-54
267
255
152
231
261
47
-283
-603
-790
-695
-252
344
686
684
567
670
458
578
461
-569
-937
-517
-322
342
783
377
-56
-176
-32
623
1268
651
-67
-271
55
1045
1448
744
-412
-1146
-640
421
638
102
-659
-1119
-733
-145
194
412
486
215
-59
-22
88
-66
-426
-454
-203
39
214
359
507
475
111
-85
-81
-438
-510
-142
270
508
840
346
-229
151
312
-19
53
129
-57
16
363
1016
1752
1311
88
-468
-199
454
376
-548
-1122
-1111
-798
-31
388
295
215
112
254
400
-139
-396
18
-72
-533
-318
329
855
1045
475
-537
-779
-337
-370
-702
-420
174
389
544
840
581
424
100
-640
-582
581
1127
654
111
53
988
1670
1026
69
-382
-46
453
262
-604
-1451
-1457
-657
121
272
33
156
118
-123
-93
194
46
-395
-592
-222
264
494
440
488
721
566
-79
-503
-395
383
469
-171
-420
-77
356
332
519
211
-980
-600
580
123
-169
34
449
1707
1773
544
-280
-302
392
851
397
-166
-606
-902
-642
-202
127
481
445
-80
-321
-327
-522
-426
-428
-534
-259
223
314
90
-45
4
336
868
889
707
362
-285
-294
-186
62
616
-1122
-1111
-798
-31
388
295
215
112
254
400
-139
-396
18
-72
-533
-318
329
855
1045
475
-537
-779
-337
-370
-702
-420
174
389
544
840
581
424
100
-640
-582
581
1127
654
111
53
988
1670
1026
69
-382
-46
453
262
-604
-1451
-1457
-657
121
272
33
156
118
-123
-93
194
46
-395
-592
-222
264
494
440
488
721
566
-79
-503
-395
383
469
-171
-420
-77
356
332
519
211
-980
-600
580
123
-169
34
449
1707
1773
544
-280
-302
392
851
397
-166
-606
-902
-642
-202
127
481
445
-80
-321
-327
-522
-426
-428
-534
-259
223
314
90
-45
4
336
868
889
707
362
-285
-294
-186
62
616
396
-49
-206
-408
-258
227
166
-420
-460
349
914
714
79
-30
844
1430
944
-146
-1028
-1060
-279
436
747
612
23
-487
-475
-314
-366
-28
328
261
-107
-439
-278
-241
-262
519
552
205
733
755
-283
-555
-37
11
-57
234
391
275
255
-11
-346
147
317
-339
-354
46
661
1527
1150
-156
-644
-323
486
763
-60
-672
-681
-329
313
175
-336
-112
0
-182
143
441
575
825
490
-359
-684
-469
-339
117
704
538
-62
-318
-233
-309
-607
89
330
-34
379
717
455
478
-42
-598
124
365
-256
-300
69
1037
2039
1481
284
-307
-239
414
428
-890
-1602
-1032
-91
719
650
126
-73
-280
-564
-378
-317
0
396
-49
-206
-408
-258
227
166
-420
-460
349
914
714
79
-30
844
1430
944
-146
-1028
-1060
-279
436
747
612
23
-487
-475
-314
-366
-28
328
261
-107
-439
-278
-241
-262
519
552
205
733
755
-283
-555
-37
11
-57
234
391
275
255
-11
-346
147
317
-339
-354
46
661
1527
1150
-156
-644
-323
486
763
-60
-672
-681
-329
313
175
-336
-112
0
-182
143
441
575
825
490
-359
-684
-469
-339
117
704
538
-62
-318
-233
-309
-607
89
330
-34
379
717
455
478
-42
-598
124
365
-256
-300
69
1037
2039
1481
284
-307
-239
414
428
-890
-1602
-1032
-91
719
650
126
-73
-280
-564
-378
-317
0
766
987
519
58
-157
-506
-560
-25
151
-339
-403
295
600
400
507
633
693
792
548
-318
-1127
-1009
-514
196
647
354
185
381
565
762
163
-762
-861
-126
669
993
125
-618
-126
685
1455
997
-549
-850
-222
-73
-230
-628
-522
253
609
374
9
127
563
656
263
-1064
-1709
-544
338
328
139
-16
261
841
829
258
-510
-1100
-377
823
643
116
-2
299
1311
1586
663
-125
-488
-460
-19
216
74
-139
-322
-87
322
396
346
-138
-674
-555
-302
39
282
368
370
-44
-87
38
-187
388
780
-115
-540
-506
-315
561
756
102
-792
-929
191
947
575
-37
-551
-306
564
381
-337
-280
421
1488
1737
734
1280
1857
127
-735
24
117
-136
113
-298
-984
-678
131
543
616
407
-217
-384
375
554
73
-400
-575
-844
-553
42
569
623
662
992
589
-566
-1072
-1006
-380
497
168
-754
-251
0
264
861
168
-478
515
858
742
404
-59
679
1187
385
132
390
142
112
-299
-1149
-1109
-723
-336
-8
153
-16
-104
254
836
862
249
142
-148
-1394
-1515
-585
159
1051
1760
1063
-9
-124
278
-16
-98
-841
-1561
-550
191
73
697
714
-447
21
1239
-89
-745
-137
350
1368
1284
7
209
788
1220
788
-1221
-1820
-1169
-359
519
192
-117
225
228
778
1383
235
-365
-241
-830
-661
-242
-860
-779
61
851
1115
140
-444
-166
-434
30
400
-270
78
310
-404
-82
344
-1
534
1040
-148
110
654
327
830
558
-469
-47
624
593
125
-803
-1073
-689
-398
-5
-212
-539
4
830
1366
1271
210
-628
-552
208
474
-139
-1017
-1414
-883
709
1335
830
155
-725
-724
304
429
-120
-40
100
-402
-323
115
-89
216
1162
292
-78
684
348
458
716
-99
824
1421
511
114
-800
-780
-42
-575
-541
-77
-425
-432
-96
304
279
-236
-80
358
132
-93
259
-67
-596
-796
-590
-95
298
408
280
-359
325
1561
692
-156
-270
-940
-602
537
240
-369
191
388
305
1328
760
86
963
640
56
451
-25
-444
-307
-577
-454
-373
-611
27
550
425
-245
-434
30
400
-270
78
310
-404
-82
344
-1
534
1040
-148
110
654
327
830
558
-469
-47
624
593
125
-803
-1073
-689
-398
-5
-212
-539
4
830
1366
1271
210
-628
-552
208
474
-139
-1017
-1414
-883
709
1335
830
155
-725
-724
304
429
-120
-40
100
-402
-323
115
-89
216
1162
292
-78
684
348
458
716
-99
824
1421
511
114
-800
-780
-42
-575
-541
-77
-425
-432
-96
304
279
-236
-80
358
132
-93
259
-67
-596
-796
-590
-95
298
408
280
-359
325
1561
692
-156
-270
-940
-602
537
240
-369
191
388
305
1328
760
86
963
640
56
451
-25
-444
-307
-577
-454
-373
-611
27
550
425
-245
-820
-472
348
839
704
78
-30
186
-161
-569
-671
-404
133
298
-9
-192
-665
-672
725
868
472
568
-122
-1053
-763
-217
223
1238
921
179
778
1022
1279
1479
248
-692
-148
48
-364
-403
-624
-695
-207
15
-186
-318
-16
-71
-557
-299
204
85
256
118
-411
83
488
116
40
-353
-345
364
581
203
-318
-466
105
367
482
851
7
-394
-101
-681
-73
969
500
290
783
472
777
991
-273
-445
267
323
-35
-598
-1034
-575
157
438
-26
-597
-50
606
113
-9
-47
-288
305
567
-222
-725
-344
-145
-108
67
-20
-56
-33
-192
117
392
-8
11
43
124
727
283
-310
-79
8
555
704
428
75
-81
-820
-472
348
839
704
78
-30
186
-161
-569
-671
-404
133
298
-9
-192
-665
-672
725
868
472
568
-122
-1053
-763
-217
223
1238
921
179
778
1022
1279
1479
248
-692
-148
48
-364
-403
-624
-695
-207
15
-186
-318
-16
-71
-557
-299
204
85
256
118
-411
83
488
116
40
-353
-345
364
581
203
-318
-466
105
367
482
851
7
-394
-101
-681
-73
969
500
290
783
472
777
991
-273
-445
267
323
-35
-598
-1034
-575
157
438
-26
-597
-50
606
113
-9
-47
-288
305
567
-222
-725
-344
-145
-108
67
-20
-56
-33
-192
117
392
-8
11
43
124
727
283
-310
-79
8
555
704
428
75
-81
254
882
1057
681
159
-441
-362
-51
-4
-95
-579
-809
-447
-256
61
689
740
230
-8
-27
-265
79
330
-757
-1248
-320
-30
-462
-27
575
656
771
427
-404
-641
-559
-210
263
438
595
374
-780
-907
-84
595
1782
1578
290
230
181
213
1227
727
-56
-368
-1008
-447
204
-4
-64
-635
-469
-191
-776
-340
375
323
341
637
740
648
159
-557
-890
-816
-435
-340
-217
131
387
308
473
553
74
362
628
-516
-437
48
-408
40
432
157
283
639
170
-53
186
296
903
1186
275
-553
-732
-75
605
157
-516
-414
-226
-183
584
415
-554
-370
-246
-26
665
315
129
-5
-918
-859
-708
-524
892
1345
182
254
882
1057
681
159
-441
-362
-51
-4
-95
-579
-809
-447
-256
61
689
740
230
-8
-27
-265
79
330
-757
-1248
-320
-30
-462
-27
575
656
771
427
-404
-641
-559
-210
263
438
595
374
-780
-907
-84
595
1782
1578
290
230
181
213
1227
727
-56
-368
-1008
-447
204
-4
-64
-635
-469
-191
-776
-340
375
323
341
637
740
648
159
-557
-890
-816
-435
-340
-217
131
387
308
473
553
74
362
628
-516
-437
48
-408
40
432
157
283
639
170
-53
186
296
903
1186
275
-553
-732
-75
605
157
-516
-414
-226
-183
584
415
-554
-370
-246
-26
665
315
129
-5
-918
-859
-708
-524
892
1345
182
-639
-601
-352
586
1035
-23
-237
-193
-249
404
-142
-39
412
426
452
416
466
569
571
-25
-171
689
1228
987
-135
-942
-379
4
16
41
-654
-804
-539
-474
-52
288
203
118
239
215
26
-312
-614
-802
-660
-217
362
667
626
488
713
387
590
563
-758
-993
-405
-442
397
851
185
-109
-183
-114
657
1377
475
-166
-279
2
1185
1485
561
-542
-1266
-600
598
616
-1
-681
-1229
-680
-59
189
446
465
118
-122
-33
70
-114
-503
-482
-174
-1
140
318
502
441
61
-148
-37
-514
-503
-48
315
493
937
275
-337
285
322
-132
100
139
-191
-20
305
923
1819
1179
-170
-540
-223
480
381
-740
-1207
-639
-601
-352
586
1035
-23
-237
-193
-249
404
-142
-39
412
426
452
416
466
569
571
-25
-171
689
1228
987
-135
-942
-379
4
16
41
-654
-804
-539
-474
-52
288
203
118
239
215
26
-312
-614
-802
-660
-217
362
667
626
488
713
387
590
563
-758
-993
-405
-442
397
851
185
-109
-183
-114
657
1377
475
-166
-279
2
1185
1485
561
-542
-1266
-600
598
616
-1
-681
-1229
-680
-59
189
446
465
118
-122
-33
70
-114
-503
-482
-174
-1
140
318
502
441
61
-148
-37
-514
-503
-48
315
493
937
275
-337
285
322
-132
100
139
-191
-20
305
923
1819
1179
-170
-540
-223
480
381
-740
-1207
-1071
-801
96
459
249
281
95
253
508
-237
-469
158
-133
-692
-340
287
801
1018
361
-762
-830
-225
-372
-768
-394
182
384
559
950
537
417
143
-752
-581
803
1119
450
5
-92
1027
1778
803
-85
-454
-77
517
244
-717
-1540
-1460
-526
231
291
-11
154
94
-212
-129
235
-11
-448
-629
-277
246
497
356
408
752
549
-127
-465
-409
517
521
-286
-433
-65
432
340
527
213
-1292
-618
862
-148
-300
77
184
1852
1766
182
-287
-284
417
994
294
-253
-582
-983
-555
-100
148
520
412
-248
-353
-300
-612
-390
-451
-691
-289
260
234
63
-57
-58
313
983
855
677
377
-413
-260
-130
24
761
352
-1071
-801
96
459
249
281
95
253
508
-237
-469
158
-133
-692
-340
287
801
1018
361
-762
-830
-225
-372
-768
-394
182
384
559
950
537
417
143
-752
-581
803
1119
450
5
-92
1027
1778
803
-85
-454
-77
517
244
-717
-1540
-1460
-526
231
291
-11
154
94
-212
-129
235
-11
-448
-629
-277
246
497
356
408
752
549
-127
-465
-409
517
521
-286
-433
-65
432
340
527
213
-1292
-618
862
-148
-300
77
184
1852
1766
182
-287
-284
417
994
294
-253
-582
-983
-555
-100
148
520
412
-248
-353
-300
-612
-390
-451
-691
-289
260
234
63
-57
-58
313
983
855
677
377
-413
-260
-130
24
761
352
-181
-151
-450
-258
328
101
-584
-507
426
919
627
-50
-169
887
1454
787
-277
-1156
-1118
-174
521
706
599
-47
-536
-406
-250
-425
9
394
231
-142
-537
-312
-277
-399
630
487
-38
876
763
-511
-551
100
-80
-23
318
391
266
284
-27
-429
285
382
-532
-341
34
572
1662
1077
-466
-706
-325
499
800
-267
-805
-621
-345
434
200
-474
-48
27
-309
253
395
458
895
408
-584
-701
-476
-448
118
727
385
-185
-292
-203
-220
-683
247
436
-147
523
831
288
575
-32
-821
295
347
-530
-282
-11
923
2158
1304
27
-332
-328
460
552
-1101
-1662
-834
-38
856
664
-24
-34
-268
-701
-307
-374
-102
887
-181
-151
-450
-258
328
101
-584
-507
426
919
627
-50
-169
887
1454
787
-277
-1156
-1118
-174
521
706
599
-47
-536
-406
-250
-425
9
394
231
-142
-537
-312
-277
-399
630
487
-38
876
763
-511
-551
100
-80
-23
318
391
266
284
-27
-429
285
382
-532
-341
34
572
1662
1077
-466
-706
-325
499
800
-267
-805
-621
-345
434
200
-474
-48
27
-309
253
395
458
895
408
-584
-701
-476
-448
118
727
385
-185
-292
-203
-220
-683
247
436
-147
523
831
288
575
-32
-821
295
347
-530
-282
-11
923
2158
1304
27
-332
-328
460
552
-1101
-1662
-834
-38
856
664
-24
-34
-268
-701
-307
-374
-102
887
924
309
-55
-214
-611
-605
-13
109
-457
-418
457
638
331
569
642
686
898
584
-383
-1223
-915
-459
227
630
167
58
379
490
800
104
-936
-894
-55
679
1024
-23
-808
-40
714
1557
1005
-864
-833
-32
-132
-207
-706
-652
362
637
271
-63
67
551
637
267
-1260
-1853
-269
459
246
133
-114
235
981
841
153
-558
-1250
-298
1088
495
-54
-24
175
1399
1634
409
-229
-487
-509
75
218
-35
-146
-366
-60
381
325
341
-183
-804
-454
-270
32
314
272
331
-160
-172
59
-344
393
908
-388
-564
-432
-419
744
804
-60
-819
-973
384
1102
469
-91
-619
-371
728
339
-542
-288
355
1481
1773
475
107
1986
1283
-490
-441
219
29
33
111
-653
-1043
-265
454
704
673
191
-468
18
624
456
-181
-519
-807
-866
-255
402
747
672
956
1044
93
-938
-1161
-846
129
591
-384
-657
-74
3
699
766
-275
-38
902
947
836
195
287
1222
995
282
398
426
188
85
-736
-1295
-981
-540
-114
122
108
-118
-29
598
1000
592
99
145
-813
-1789
-1168
-208
626
1680
1778
637
-118
214
307
9
-267
-1407
-1245
-51
112
320
941
184
-542
844
839
-652
-428
75
978
1660
739
78
601
1130
1467
-70
-1745
-1589
-855
314
591
13
94
242
485
1341
1015
-206
-278
-597
-901
-415
-540
-1023
-410
501
1271
817
-241
-249
-291
-346
391
91
-219
344
-128
-398
182
279
119
1064
586
-128
654
628
689
1050
120
-291
440
809
621
-277
-1019
-933
-554
-158
-13
-509
-409
367
1227
1557
819
-335
-793
-211
560
302
-577
-1365
-1351
-93
1448
1331
700
-245
-926
-228
558
228
-142
85
-210
-591
-128
71
-159
797
973
-84
429
750
372
912
383
346
1592
1227
565
-202
-967
-254
-222
-654
-182
-260
-496
-366
78
419
-64
-332
175
357
-18
32
198
-361
-727
-818
-329
97
472
541
31
-288
1187
1428
255
-140
-681
-1051
-8
622
-108
-152
492
303
940
1511
344
661
1171
384
406
403
-261
-357
-448
-584
-336
-578
-385
362
626
147
-690
-346
391
91
-219
344
-128
-398
182
279
119
1064
586
-128
654
628
689
1050
120
-291
440
809
621
-277
-1019
-933
-554
-158
-13
-509
-409
367
1227
1557
819
-335
-793
-211
560
302
-577
-1365
-1351
-93
1448
1331
700
-245
-926
-228
558
228
-142
85
-210
-591
-128
71
-159
797
973
-84
429
750
372
912
383
346
1592
1227
565
-202
-967
-254
-222
-654
-182
-260
-496
-366
78
419
-64
-332
175
357
-18
32
198
-361
-727
-818
-329
97
472
541
31
-288
1187
1428
255
-140
-681
-1051
-8
622
-108
-152
492
303
940
1511
344
661
1171
384
406
403
-261
-357
-448
-584
-336
-578
-385
362
626
147
-690
-820
-95
721
1046
510
10
145
88
-354
-616
-564
-80
349
228
-70
-390
-953
-33
1042
647
590
289
-736
-1184
-451
-43
852
1410
549
511
1139
1268
1751
1236
-217
-413
134
-36
-336
-385
-708
-470
4
9
-293
-187
47
-425
-552
-13
123
120
290
-241
-286
371
338
112
-99
-420
55
643
574
52
-447
-193
383
436
837
632
-357
-214
-441
-569
601
976
316
593
741
610
1190
557
-490
-37
460
310
-217
-851
-932
-186
481
474
-337
-462
446
493
41
94
-228
-3
606
311
-644
-676
-210
-113
-24
58
-89
-11
-94
-59
346
217
-73
66
-31
512
702
-96
-178
-78
332
841
667
412
24
118
-820
-95
721
1046
510
10
145
88
-354
-616
-564
-80
349
228
-70
-390
-953
-33
1042
647
590
289
-736
-1184
-451
-43
852
1410
549
511
1139
1268
1751
1236
-217
-413
134
-36
-336
-385
-708
-470
4
9
-293
-187
47
-425
-552
-13
123
120
290
-241
-286
371
338
112
-99
-420
55
643
574
52
-447
-193
383
436
837
632
-357
-214
-441
-569
601
976
316
593
741
610
1190
557
-490
-37
460
310
-217
-851
-932
-186
481
474
-337
-462
446
493
41
94
-228
-3
606
311
-644
-676
-210
-113
-24
58
-89
-11
-94
-59
346
217
-73
66
-31
512
702
-96
-178
-78
332
841
667
412
24
118
729
1276
1118
604
-97
-450
-160
45
51
-334
-798
-671
-387
-175
403
864
614
115
23
-130
-175
373
-61
-1237
-888
-40
-276
-344
394
755
832
783
11
-636
-653
-375
76
382
534
670
-186
-1120
-586
187
1315
2132
1008
206
331
171
925
1331
432
-14
-742
-816
93
236
153
-272
-668
-167
-557
-708
46
411
418
478
718
739
411
-220
-846
-1045
-713
-380
-250
3
381
444
461
694
457
178
800
238
-669
-47
-181
-267
319
315
182
539
543
21
46
315
631
1321
929
-91
-760
-474
443
643
-103
-530
-248
-259
256
855
-49
-579
-306
-268
418
683
180
226
-522
-1049
-783
-813
159
1484
988
-339
729
1276
1118
604
-97
-450
-160
45
51
-334
-798
-671
-387
-175
403
864
614
115
23
-130
-175
373
-61
-1237
-888
-40
-276
-344
394
755
832
783
11
-636
-653
-375
76
382
534
670
-186
-1120
-586
187
1315
2132
1008
206
331
171
925
1331
432
-14
-742
-816
93
236
153
-272
-668
-167
-557
-708
46
411
418
478
718
739
411
-220
-846
-1045
-713
-380
-250
3
381
444
461
694
457
178
800
238
-669
-47
-181
-267
319
315
182
539
543
21
46
315
631
1321
929
-91
-760
-474
443
643
-103
-530
-248
-259
256
855
-49
-579
-306
-268
418
683
180
226
-522
-1049
-783
-813
159
1484
988
-339
-804
-595
44
1083
702
-314
-136
-401
164
215
-235
295
430
572
499
568
706
739
500
-134
330
1236
1475
677
-631
-782
-68
70
229
-217
-890
-744
-639
-317
147
282
83
136
292
199
-127
-431
-796
-823
-519
117
658
820
621
720
704
468
882
16
-1091
-687
-433
-126
844
600
16
-239
-187
147
1219
1207
85
-198
-236
648
1738
1330
171
-1000
-1109
143
1000
552
-166
-1053
-1086
-326
111
352
468
346
-46
-120
39
13
-384
-656
-397
-130
135
275
478
566
388
-74
69
-188
-571
-302
194
418
814
869
-184
-74
452
114
-58
217
-16
-136
175
629
1615
1922
645
-423
-399
230
839
31
-955
-1182
-804
-595
44
1083
702
-314
-136
-401
164
215
-235
295
430
572
499
568
706
739
500
-134
330
1236
1475
677
-631
-782
-68
70
229
-217
-890
-744
-639
-317
147
282
83
136
292
199
-127
-431
-796
-823
-519
117
658
820
621
720
704
468
882
16
-1091
-687
-433
-126
844
600
16
-239
-187
147
1219
1207
85
-198
-236
648
1738
1330
171
-1000
-1109
143
1000
552
-166
-1053
-1086
-326
111
352
468
346
-46
-120
39
13
-384
-656
-397
-130
135
275
478
566
388
-74
69
-188
-571
-302
194
418
814
869
-184
-74
452
114
-58
217
-16
-136
175
629
1615
1922
645
-423
-399
230
839
31
-955
-1182
-1035
-436
445
371
247
134
85
478
287
-493
-149
118
-462
-658
1
668
1073
971
-151
-935
-516
-197
-640
-705
-142
344
379
816
838
416
432
-359
-923
92
1329
1065
372
-32
457
1813
1699
534
-271
-302
402
646
-43
-1178
-1788
-1216
-198
334
103
-67
204
-103
-202
80
242
-252
-620
-521
89
442
565
441
758
898
343
-349
-569
39
819
157
-450
-377
193
411
380
677
-555
-1354
321
569
-376
77
53
1151
2316
1139
-29
-389
35
1003
879
125
-361
-905
-826
-334
33
343
646
191
-331
-241
-464
-583
-362
-632
-596
-50
328
190
-34
-86
27
707
1090
836
714
10
-458
-84
-147
520
822
84
-1035
-436
445
371
247
134
85
478
287
-493
-149
118
-462
-658
1
668
1073
971
-151
-935
-516
-197
-640
-705
-142
344
379
816
838
416
432
-359
-923
92
1329
1065
372
-32
457
1813
1699
534
-271
-302
402
646
-43
-1178
-1788
-1216
-198
334
103
-67
204
-103
-202
80
242
-252
-620
-521
89
442
565
441
758
898
343
-349
-569
39
819
157
-450
-377
193
411
380
677
-555
-1354
321
569
-376
77
53
1151
2316
1139
-29
-389
35
1003
879
125
-361
-905
-826
-334
33
343
646
191
-331
-241
-464
-583
-362
-632
-596
-50
328
190
-34
-86
27
707
1090
836
714
10
-458
-84
-147
520
822
84
-96
-286
-434
83
418
-176
-696
-100
851
964
443
-190
360
1482
1450
481
-769
-1305
-766
292
732
824
337
-361
-563
-282
-337
-278
313
338
86
-394
-473
-160
-461
67
906
150
484
1101
241
-783
-185
72
-78
98
479
334
278
221
-339
-206
595
-47
-527
-50
304
1390
1883
453
-620
-521
118
1033
509
-562
-733
-643
31
495
-236
-446
61
-289
-135
403
494
717
875
-36
-735
-602
-392
-235
615
842
214
-272
-320
-138
-551
-389
590
11
69
841
599
442
453
-644
-361
585
-43
-474
-81
445
1897
2228
798
-93
-369
116
893
-82
-1672
-1457
-530
489
1001
362
-73
-110
-507
-499
-238
-347
417
1094
-96
-286
-434
83
418
-176
-696
-100
851
964
443
-190
360
1482
1450
481
-769
-1305
-766
292
732
824
337
-361
-563
-282
-337
-278
313
338
86
-394
-473
-160
-461
67
906
150
484
1101
241
-783
-185
72
-78
98
479
334
278
221
-339
-206
595
-47
-527
-50
304
1390
1883
453
-620
-521
118
1033
509
-562
-733
-643
31
495
-236
-446
61
-289
-135
403
494
717
875
-36
-735
-602
-392
-235
615
842
214
-272
-320
-138
-551
-389
590
11
69
841
599
442
453
-644
-361
585
-43
-474
-81
445
1897
2228
798
-93
-369
116
893
-82
-1672
-1457
-530
489
1001
362
-73
-110
-507
-499
-238
-347
417
1094
806
171
-96
-396
-728
-312
257
-138
-668
-99
683
493
429
673
687
896
923
287
-898
-1213
-714
-119
668
602
106
342
507
852
748
-423
-1060
-559
374
1094
785
-610
-543
343
1232
1732
132
-1151
-428
-12
-53
-386
-835
-162
598
559
173
-81
445
732
639
-325
-1964
-1306
241
427
280
-38
-60
606
1102
637
-80
-1040
-1088
509
1085
258
64
-23
812
1953
1324
180
-300
-558
-206
329
220
-6
-273
-273
217
439
415
275
-588
-742
-446
-194
267
326
436
142
-319
117
-108
-98
1009
370
-574
-438
-516
132
1052
442
-412
-1267
-440
929
985
213
-406
-762
247
826
-102
-494
-3
1062
2132
1440
294
345
