Gv8c1220_99
3
RAW_AUDIO_CHW
3,7,256
926
-249
-881
-579
-152
22
243
505
542
287
-15
-242
-277
-47
25
-73
-241
-511
-551
-52
212
172
143
-96
211
779
535
20
-23
-125
-564
-820
-685
-153
199
148
283
471
-24
-205
341
981
1318
992
436
26
-128
-67
-445
-690
196
809
466
19
-399
-156
85
-134
24
11
-234
-388
-573
-304
301
335
231
361
355
360
0
-306
-147
-58
-60
-512
-316
566
251
65
572
293
235
399
127
513
1104
899
142
-408
-39
249
-65
-62
505
733
487
-55
-466
-242
-69
-39
-296
-176
399
68
-222
71
-321
-357
-135
-390
-172
-40
-386
-61
734
1333
850
-441
-675
-2
10
-3
554
753
123
-640
-279
717
875
626
151
-73
-255
-530
58
760
816
307
-132
-109
-285
-308
90
167
16
-154
-188
-61
79
-7
-163
-74
-193
-194
228
374
-86
-349
60
471
-92
-1154
-569
708
737
372
508
558
291
99
207
446
689
756
-10
-558
27
482
487
308
19
74
83
-183
-396
-202
6
-156
-486
-547
-364
-48
132
-91
-158
-286
-176
547
490
-183
-217
324
695
215
-758
-534
592
504
193
654
524
-104
-428
-134
877
1598
951
-101
-327
-162
-357
-168
289
639
658
166
-289
-374
-129
186
80
-560
-595
-11
190
110
-288
-455
-344
0
736
886
238
186
50
-690
-567
-518
-377
296
355
700
1160
748
-279
717
875
626
151
-73
-255
-530
58
760
816
307
-132
-109
-285
-308
90
167
16
-154
-188
-61
79
-7
-163
-74
-193
-194
228
374
-86
-349
60
471
-92
-1154
-569
708
737
372
508
558
291
99
207
446
689
756
-10
-558
27
482
487
308
19
74
83
-183
-396
-202
6
-156
-486
-547
-364
-48
132
-91
-158
-286
-176
547
490
-183
-217
324
695
215
-758
-534
592
504
193
654
524
-104
-428
-134
877
1598
951
-101
-327
-162
-357
-168
289
639
658
166
-289
-374
-129
186
80
-560
-595
-11
190
110
-288
-455
-344
0
736
886
238
186
50
-690
-567
-518
-377
296
355
700
1160
748
-131
-484
267
676
324
372
656
530
-309
-795
-154
520
691
533
300
102
-206
-448
-160
285
-38
-633
-645
-64
23
-221
-19
229
423
690
324
-235
59
-34
-356
-443
-659
-31
159
-277
270
681
335
78
-34
148
442
523
711
710
400
-1
-380
-156
170
74
347
626
349
17
-24
306
370
64
-424
-735
-490
-338
-68
276
280
262
-258
-323
549
528
-271
-443
-512
-369
-225
-594
39
880
469
145
177
197
123
-1
152
722
1080
784
340
202
-1
-221
164
332
333
528
198
-359
-340
-13
-149
-522
-473
-130
-164
85
290
68
88
-282
-303
552
726
-169
-435
-77
170
-140
-803
-292
765
701
-131
-484
267
676
324
372
656
530
-309
-795
-154
520
691
533
300
102
-206
-448
-160
285
-38
-633
-645
-64
23
-221
-19
229
423
690
324
-235
59
-34
-356
-443
-659
-31
159
-277
270
681
335
78
-34
148
442
523
711
710
400
-1
-380
-156
170
74
347
626
349
17
-24
306
370
64
-424
-735
-490
-338
-68
276
280
262
-258
-323
549
528
-271
-443
-512
-369
-225
-594
39
880
469
145
177
197
123
-1
152
722
1080
784
340
202
-1
-221
164
332
333
528
198
-359
-340
-13
-149
-522
-473
-130
-164
85
290
68
88
-282
-303
552
726
-169
-435
-77
170
-140
-803
-292
765
701
116
58
281
-1
-517
-261
691
1324
988
170
-44
-143
-541
-131
832
1128
547
-37
-52
-36
40
-55
-229
-453
-638
-404
-292
168
569
163
-128
-202
58
793
807
-164
-620
-578
-318
-516
-1104
-154
828
287
199
531
583
631
414
238
431
616
558
126
-22
113
76
254
297
235
227
183
-27
-367
-448
-307
-516
-585
-67
38
0
203
5
-155
-256
-157
369
543
11
-112
461
699
154
-1023
-1121
119
604
620
819
532
293
216
31
295
710
641
149
-161
95
108
136
475
282
107
-42
-404
-185
351
440
80
-465
-417
26
-301
-545
-244
-101
93
0
-194
422
775
118
-46
405
152
-654
-1325
116
58
281
-1
-517
-261
691
1324
988
170
-44
-143
-541
-131
832
1128
547
-37
-52
-36
40
-55
-229
-453
-638
-404
-292
168
569
163
-128
-202
58
793
807
-164
-620
-578
-318
-516
-1104
-154
828
287
199
531
583
631
414
238
431
616
558
126
-22
113
76
254
297
235
227
183
-27
-367
-448
-307
-516
-585
-67
38
0
203
5
-155
-256
-157
369
543
11
-112
461
699
154
-1023
-1121
119
604
620
819
532
293
216
31
295
710
641
149
-161
95
108
136
475
282
107
-42
-404
-185
351
440
80
-465
-417
26
-301
-545
-244
-101
93
0
-194
422
775
118
-46
405
152
-654
-1325
-805
291
390
504
735
486
337
354
266
297
647
680
294
148
-28
-286
-1
532
563
159
-187
-209
-84
6
168
90
-256
-485
-313
-187
-279
58
486
298
-125
-256
123
263
-342
-454
-58
383
399
-480
-341
721
685
115
240
387
125
-124
92
491
661
761
380
-165
-86
-113
-58
535
664
140
-103
146
-29
-329
-320
-579
-587
-78
-75
-418
-146
193
314
288
-105
-161
293
357
-8
-149
-295
-284
-211
-180
574
759
134
314
502
46
-177
148
661
797
469
271
195
22
-64
55
71
302
397
-8
-59
-135
-79
352
0
-542
-571
-407
91
291
-17
298
519
19
-140
240
344
201
-277
-793
-805
291
390
504
735
486
337
354
266
297
647
680
294
148
-28
-286
-1
532
563
159
-187
-209
-84
6
168
90
-256
-485
-313
-187
-279
58
486
298
-125
-256
123
263
-342
-454
-58
383
399
-480
-341
721
685
115
240
387
125
-124
92
491
661
761
380
-165
-86
-113
-58
535
664
140
-103
146
-29
-329
-320
-579
-587
-78
-75
-418
-146
193
314
288
-105
-161
293
357
-8
-149
-295
-284
-211
-180
574
759
134
314
502
46
-177
148
661
797
469
271
195
22
-64
55
71
302
397
-8
-59
-135
-79
352
0
-542
-571
-407
91
291
-17
298
519
19
-140
240
344
201
-277
-793
-287
-260
-716
-128
543
887
1047
467
154
130
-195
-123
431
750
759
375
-167
-200
-87
-58
326
633
291
-336
-515
-19
445
269
47
-62
-384
-288
-52
-303
30
443
-8
-369
-533
-334
369
186
-368
376
597
-304
-1
407
338
617
684
169
-511
-539
179
637
829
821
283
-34
-37
-122
-52
-126
111
791
478
-366
-384
-50
3
-212
-487
-256
249
457
224
-44
-399
-666
-340
-55
550
1095
520
-287
-581
-418
-350
-76
208
225
532
693
250
-207
-147
95
347
520
658
682
124
-320
-7
455
787
732
-65
-510
-250
105
371
430
124
-498
-705
-367
-170
-503
-901
-299
245
185
178
141
332
634
-287
-260
-716
-128
543
887
1047
467
154
130
-195
-123
431
750
759
375
-167
-200
-87
-58
326
633
291
-336
-515
-19
445
269
47
-62
-384
-288
-52
-303
30
443
-8
-369
-533
-334
369
186
-368
376
597
-304
-1
407
338
617
684
169
-511
-539
179
637
829
821
283
-34
-37
-122
-52
-126
111
791
478
-366
-384
-50
3
-212
-487
-256
249
457
224
-44
-399
-666
-340
-55
550
1095
520
-287
-581
-418
-350
-76
208
225
532
693
250
-207
-147
95
347
520
658
682
124
-320
-7
455
787
732
-65
-510
-250
105
371
430
124
-498
-705
-367
-170
-503
-901
-299
245
185
178
141
332
634
311
-372
-1
361
-314
-510
-99
328
539
95
-22
536
857
666
217
164
357
29
-53
112
129
126
-94
304
708
-27
-358
118
416
233
-337
-944
-786
-397
-446
-299
319
653
675
476
-145
-190
490
498
127
41
-379
-521
-471
-385
542
1078
578
14
-229
-384
-216
334
700
808
899
535
-209
-343
-89
-38
400
700
287
-49
-239
-188
390
460
-253
-890
-844
-596
-559
10
507
440
611
406
36
263
55
-253
308
303
-274
-820
-1064
105
1045
681
670
407
-28
-1
-1
508
756
247
215
117
-265
18
47
62
664
559
14
-297
-488
-124
178
-196
-328
-191
-341
-593
-389
-168
112
383
206
366
311
-372
-1
361
-314
-510
-99
328
539
95
-22
536
857
666
217
164
357
29
-53
112
129
126
-94
304
708
-27
-358
118
416
233
-337
-944
-786
-397
-446
-299
319
653
675
476
-145
-190
490
498
127
41
-379
-521
-471
-385
542
1078
578
14
-229
-384
-216
334
700
808
899
535
-209
-343
-89
-38
400
700
287
-49
-239
-188
390
460
-253
-890
-844
-596
-559
10
507
440
611
406
36
263
55
-253
308
303
-274
-820
-1064
105
1045
681
670
407
-28
-1
-1
508
756
247
215
117
-265
18
47
62
664
559
14
-297
-488
-124
178
-196
-328
-191
-341
-593
-389
-168
112
383
206
366
587
270
-326
-242
448
334
-529
-656
239
895
922
855
502
-119
-154
75
265
458
139
137
120
-69
121
91
-25
-29
82
100
-42
226
357
-58
-423
-601
-120
225
-109
134
328
95
188
-131
-167
238
79
-253
-41
348
207
-415
-685
35
535
268
428
482
-149
-366
-19
154
386
693
596
196
-128
-197
-207
271
740
557
152
-186
-250
-41
252
238
11
-31
-115
-390
-592
-408
-227
69
548
572
312
276
62
-122
335
67
-691
-726
-394
309
704
467
358
448
426
100
-40
391
631
389
322
148
-107
-126
-172
-169
294
726
470
93
-146
-379
-394
-528
-605
-361
-170
-67
70
175
362
489
1283
731
-277
-783
-568
-225
-36
206
458
482
243
-42
-285
-294
-107
-57
-117
-256
-495
-440
10
170
211
173
-26
336
748
420
40
-8
-197
-538
-743
-607
-90
197
148
330
414
-24
-72
375
953
1252
903
411
93
-62
-113
-498
-569
250
627
371
-19
-418
-152
-16
-178
21
-22
-217
-357
-568
-264
259
248
250
357
347
372
-24
-285
-173
-94
-161
-562
-261
409
108
144
427
180
322
313
52
564
966
719
95
-355
-68
96
-145
-21
446
571
379
-162
-500
-305
-188
-152
-326
-108
309
-37
-152
5
-370
-237
-144
-368
-79
-104
-403
27
701
1183
702
-392
-513
-46
-117
10
472
555
39
-577
-164
663
791
565
129
-13
-233
-448
101
647
672
250
-76
-79
-309
-325
-26
65
-10
-180
-210
-50
54
-60
-124
-43
-183
-112
219
257
-141
-283
50
378
-219
-1047
-413
561
567
396
488
510
361
157
231
509
722
653
-71
-386
114
412
447
265
11
107
64
-219
-362
-193
-51
-156
-455
-522
-347
-53
40
-119
-133
-291
-78
543
378
-155
-137
279
577
63
-791
-400
491
328
246
551
349
-64
-373
-137
896
1404
727
-48
-211
-195
-336
-119
257
621
572
108
-253
-333
-165
80
-60
-570
-491
-49
139
70
-344
-455
-330
25
650
710
225
233
-112
-630
-459
-588
-321
276
268
699
1009
-577
-164
663
791
565
129
-13
-233
-448
101
647
672
250
-76
-79
-309
-325
-26
65
-10
-180
-210
-50
54
-60
-124
-43
-183
-112
219
257
-141
-283
50
378
-219
-1047
-413
561
567
396
488
510
361
157
231
509
722
653
-71
-386
114
412
447
265
11
107
64
-219
-362
-193
-51
-156
-455
-522
-347
-53
40
-119
-133
-291
-78
543
378
-155
-137
279
577
63
-791
-400
491
328
246
551
349
-64
-373
-137
896
1404
727
-48
-211
-195
-336
-119
257
621
572
108
-253
-333
-165
80
-60
-570
-491
-49
139
70
-344
-455
-330
25
650
710
225
233
-112
-630
-459
-588
-321
276
268
699
1009
510
-197
-374
225
485
245
329
556
379
-380
-727
-172
387
566
420
229
90
-210
-466
-185
143
-189
-610
-537
-56
-25
-153
18
211
427
623
216
-126
95
-162
-314
-429
-595
9
22
-241
327
486
211
84
-72
156
415
437
623
612
338
-14
-367
-130
89
9
328
520
296
52
-10
222
265
-12
-462
-658
-456
-351
-40
205
262
253
-260
-154
569
364
-237
-374
-533
-272
-253
-568
199
783
390
229
163
119
108
-24
126
708
951
715
414
236
-53
-152
180
237
338
480
104
-326
-277
-77
-186
-433
-379
-134
-150
111
158
53
90
-266
-147
615
571
-148
-295
-89
160
-178
-742
-154
663
510
-197
-374
225
485
245
329
556
379
-380
-727
-172
387
566
420
229
90
-210
-466
-185
143
-189
-610
-537
-56
-25
-153
18
211
427
623
216
-126
95
-162
-314
-429
-595
9
22
-241
327
486
211
84
-72
156
415
437
623
612
338
-14
-367
-130
89
9
328
520
296
52
-10
222
265
-12
-462
-658
-456
-351
-40
205
262
253
-260
-154
569
364
-237
-374
-533
-272
-253
-568
199
783
390
229
163
119
108
-24
126
708
951
715
414
236
-53
-152
180
237
338
480
104
-326
-277
-77
-186
-433
-379
-134
-150
111
158
53
90
-266
-147
615
571
-148
-295
-89
160
-178
-742
-154
663
552
143
90
196
-88
-528
-223
642
1145
776
112
-20
-196
-511
-61
702
927
465
-11
-64
-50
-12
-153
-251
-456
-578
-386
-258
229
453
85
-94
-188
92
772
634
-179
-480
-511
-279
-575
-1033
-65
624
212
278
406
485
608
318
221
472
539
440
89
-17
48
61
248
281
242
244
196
-53
-385
-465
-374
-552
-499
-67
-49
23
162
-45
-127
-256
-169
321
421
-61
-45
414
571
43
-1011
-924
126
453
569
653
342
265
130
-40
304
602
481
98
-116
36
-1
119
353
178
94
-96
-383
-88
291
308
23
-438
-357
-68
-394
-464
-240
-116
147
-8
-102
549
682
61
49
321
39
-613
552
143
90
196
-88
-528
-223
642
1145
776
112
-20
-196
-511
-61
702
927
465
-11
-64
-50
-12
-153
-251
-456
-578
-386
-258
229
453
85
-94
-188
92
772
634
-179
-480
-511
-279
-575
-1033
-65
624
212
278
406
485
608
318
221
472
539
440
89
-17
48
61
248
281
242
244
196
-53
-385
-465
-374
-552
-499
-67
-49
23
162
-45
-127
-256
-169
321
421
-61
-45
414
571
43
-1011
-924
126
453
569
653
342
265
130
-40
304
602
481
98
-116
36
-1
119
353
178
94
-96
-383
-88
291
308
23
-438
-357
-68
-394
-464
-240
-116
147
-8
-102
549
682
61
49
321
39
-613
-1238
-684
241
303
496
607
396
353
286
155
305
576
526
294
178
-83
-264
48
469
471
152
-138
-168
-87
3
129
60
-229
-412
-277
-217
-224
103
402
235
-105
-197
168
196
-350
-361
-34
383
279
-484
-184
641
487
132
235
265
103
-119
39
414
630
665
287
-88
-41
-139
13
551
541
107
-1
128
-91
-293
-375
-594
-446
-33
-136
-322
-59
139
323
263
-125
-61
295
242
-21
-125
-332
-289
-289
-181
553
562
100
330
308
-62
-160
73
546
675
337
228
198
-1
-109
-59
-19
279
263
-74
-58
-205
-87
250
-167
-535
-561
-424
69
139
-99
296
385
-31
-63
200
255
173
-393
-1238
-684
241
303
496
607
396
353
286
155
305
576
526
294
178
-83
-264
48
469
471
152
-138
-168
-87
3
129
60
-229
-412
-277
-217
-224
103
402
235
-105
-197
168
196
-350
-361
-34
383
279
-484
-184
641
487
132
235
265
103
-119
39
414
630
665
287
-88
-41
-139
13
551
541
107
-1
128
-91
-293
-375
-594
-446
-33
-136
-322
-59
139
323
263
-125
-61
295
242
-21
-125
-332
-289
-289
-181
553
562
100
330
308
-62
-160
73
546
675
337
228
198
-1
-109
-59
-19
279
263
-74
-58
-205
-87
250
-167
-535
-561
-424
69
139
-99
296
385
-31
-63
200
255
173
-393
-705
-186
-359
-644
-43
452
885
996
367
192
115
-243
-67
397
633
702
305
-136
-133
-135
-85
333
515
175
-309
-417
19
372
177
51
-56
-337
-215
-138
-321
102
310
-66
-302
-513
-266
314
-2
-288
465
373
-235
116
271
389
656
519
87
-426
-472
140
544
751
680
212
21
-49
-169
-73
-160
145
733
341
-305
-302
-117
-27
-223
-472
-176
276
416
211
-56
-445
-585
-335
-130
543
916
347
-278
-532
-467
-390
-112
75
195
511
543
122
-198
-163
9
269
437
609
561
-2
-305
11
384
728
614
-82
-353
-164
111
384
399
63
-439
-528
-265
-159
-522
-785
-192
204
203
177
123
376
-705
-186
-359
-644
-43
452
885
996
367
192
115
-243
-67
397
633
702
305
-136
-133
-135
-85
333
515
175
-309
-417
19
372
177
51
-56
-337
-215
-138
-321
102
310
-66
-302
-513
-266
314
-2
-288
465
373
-235
116
271
389
656
519
87
-426
-472
140
544
751
680
212
21
-49
-169
-73
-160
145
733
341
-305
-302
-117
-27
-223
-472
-176
276
416
211
-56
-445
-585
-335
-130
543
916
347
-278
-532
-467
-390
-112
75
195
511
543
122
-198
-163
9
269
437
609
561
-2
-305
11
384
728
614
-82
-353
-164
111
384
399
63
-439
-528
-265
-159
-522
-785
-192
204
203
177
123
376
607
173
-317
87
196
-344
-385
-118
287
474
11
7
489
687
564
197
153
254
-38
-34
87
119
70
-96
365
606
-64
-248
93
311
197
-353
-853
-633
-412
-480
-227
289
535
639
379
-144
-42
447
316
102
-49
-446
-439
-462
-335
542
883
466
60
-250
-437
-227
234
583
779
809
386
-201
-268
-150
-53
389
542
226
1
-236
-134
386
307
-309
-770
-735
-588
-494
20
362
416
581
288
68
248
-80
-209
270
113
-305
-814
-944
205
851
597
687
300
1
-16
-83
439
619
193
228
57
-190
85
-34
119
677
479
93
-201
-454
-59
119
-225
-220
-149
-337
-480
-331
-221
109
261
130
607
173
-317
87
196
-344
-385
-118
287
474
11
7
489
687
564
197
153
254
-38
-34
87
119
70
-96
365
606
-64
-248
93
311
197
-353
-853
-633
-412
-480
-227
289
535
639
379
-144
-42
447
316
102
-49
-446
-439
-462
-335
542
883
466
60
-250
-437
-227
234
583
779
809
386
-201
-268
-150
-53
389
542
226
1
-236
-134
386
307
-309
-770
-735
-588
-494
20
362
416
581
288
68
248
-80
-209
270
113
-305
-814
-944
205
851
597
687
300
1
-16
-83
439
619
193
228
57
-190
85
-34
119
677
479
93
-201
-454
-59
119
-225
-220
-149
-337
-480
-331
-221
109
261
130
390
512
151
-307
-170
369
194
-535
-569
188
723
822
763
402
-95
-125
-32
167
284
-27
39
-2
-98
74
17
-38
-14
61
70
9
249
242
-113
-428
-546
-49
176
-84
206
250
122
179
-210
-124
215
1
-233
-2
258
164
-362
-545
99
446
273
463
380
-156
-277
-55
85
390
579
442
182
-73
-213
-182
255
571
457
143
-160
-207
3
235
193
26
-34
-165
-429
-565
-413
-270
70
463
451
298
300
-1
-91
281
-116
-631
-621
-381
312
597
378
373
428
331
42
-24
354
500
287
240
76
-96
-136
-208
-129
359
626
356
76
-185
-363
-368
-536
-551
-333
-185
-63
81
144
346
1286
482
-492
-723
-394
-81
138
427
620
550
271
-9
-205
-110
37
24
-86
-318
-547
-313
138
223
240
53
24
580
784
334
75
47
-245
-585
-739
-465
63
233
223
451
274
-120
52
576
1108
1203
777
283
-37
-88
-235
-651
-325
519
637
332
-173
-334
-8
-70
-61
59
-83
-262
-507
-563
-54
285
236
305
334
396
298
-152
-197
-105
0
-278
-563
123
449
118
435
450
256
460
250
235
847
1060
650
-97
-246
111
104
-90
211
652
699
344
-263
-369
-168
-45
-144
-287
163
266
-136
-2
-113
-389
-177
-303
-323
-34
-275
-320
280
1056
1288
360
-561
-319
23
-20
291
673
496
-205
-544
156
767
832
469
60
-58
-394
-294
359
801
687
181
-23
-106
-308
-116
113
121
-12
-164
-138
-17
26
-85
-93
-112
-232
14
316
148
-254
-165
258
313
-616
-981
19
718
599
543
620
533
351
235
382
638
872
540
-246
-198
304
498
510
246
131
227
69
-258
-281
-46
31
-218
-460
-446
-254
36
17
-124
-214
-345
156
600
188
-235
-49
455
526
-277
-862
-84
523
261
444
606
246
-199
-375
169
1244
1395
539
-158
-195
-276
-274
84
479
749
508
3
-292
-243
31
211
-179
-572
-273
58
193
-28
-389
-403
-264
289
846
602
219
222
-320
-546
-471
-595
-46
338
474
1009
1037
-544
156
767
832
469
60
-58
-394
-294
359
801
687
181
-23
-106
-308
-116
113
121
-12
-164
-138
-17
26
-85
-93
-112
-232
14
316
148
-254
-165
258
313
-616
-981
19
718
599
543
620
533
351
235
382
638
872
540
-246
-198
304
498
510
246
131
227
69
-258
-281
-46
31
-218
-460
-446
-254
36
17
-124
-214
-345
156
600
188
-235
-49
455
526
-277
-862
-84
523
261
444
606
246
-199
-375
169
1244
1395
539
-158
-195
-276
-274
84
479
749
508
3
-292
-243
31
211
-179
-572
-273
58
193
-28
-389
-403
-264
289
846
602
219
222
-320
-546
-471
-595
-46
338
474
1009
1037
403
-294
-122
475
478
346
522
660
228
-559
-545
90
552
648
468
277
36
-313
-361
73
169
-279
-641
-367
13
-92
-88
96
290
589
624
73
-27
56
-259
-318
-572
-405
112
-156
-75
491
467
246
77
17
298
455
618
776
626
314
-114
-242
63
95
185
573
573
291
40
176
399
329
-24
-537
-575
-378
-212
156
283
351
117
-304
182
667
164
-272
-432
-512
-216
-417
-374
525
702
365
252
191
172
76
4
322
864
943
632
351
159
-134
-45
199
249
480
452
-55
-374
-200
-56
-264
-460
-266
-156
-71
249
121
108
-37
-340
109
749
336
-267
-249
5
102
-448
-661
190
738
403
-294
-122
475
478
346
522
660
228
-559
-545
90
552
648
468
277
36
-313
-361
73
169
-279
-641
-367
13
-92
-88
96
290
589
624
73
-27
56
-259
-318
-572
-405
112
-156
-75
491
467
246
77
17
298
455
618
776
626
314
-114
-242
63
95
185
573
573
291
40
176
399
329
-24
-537
-575
-378
-212
156
283
351
117
-304
182
667
164
-272
-432
-512
-216
-417
-374
525
702
365
252
191
172
76
4
322
864
943
632
351
159
-134
-45
199
249
480
452
-55
-374
-200
-56
-264
-460
-266
-156
-71
249
121
108
-37
-340
109
749
336
-267
-249
5
102
-448
-661
190
738
441
116
182
191
-212
-449
90
945
1245
632
85
-28
-333
-379
291
949
915
333
12
-30
24
26
-121
-263
-532
-470
-329
-78
476
427
50
-126
-121
431
965
436
-314
-532
-456
-316
-889
-821
322
528
231
393
471
630
631
337
329
563
669
428
79
95
102
228
361
328
343
326
191
-120
-389
-326
-360
-563
-296
15
-8
175
170
-41
-171
-275
35
506
331
-110
141
583
552
-325
-1190
-585
325
536
701
616
380
358
147
105
504
716
477
38
-4
102
51
321
389
219
116
-238
-354
95
420
368
-90
-427
-155
-104
-442
-348
-181
-9
108
-121
122
747
531
19
235
311
-183
-956
441
116
182
191
-212
-449
90
945
1245
632
85
-28
-333
-379
291
949
915
333
12
-30
24
26
-121
-263
-532
-470
-329
-78
476
427
50
-126
-121
431
965
436
-314
-532
-456
-316
-889
-821
322
528
231
393
471
630
631
337
329
563
669
428
79
95
102
228
361
328
343
326
191
-120
-389
-326
-360
-563
-296
15
-8
175
170
-41
-171
-275
35
506
331
-110
141
583
552
-325
-1190
-585
325
536
701
616
380
358
147
105
504
716
477
38
-4
102
51
321
389
219
116
-238
-354
95
420
368
-90
-427
-155
-104
-442
-348
-181
-9
108
-121
122
747
531
19
235
311
-183
-956
-1219
-329
276
359
611
567
405
396
290
217
480
687
486
282
171
-139
-142
271
573
456
108
-145
-100
-15
136
201
-4
-312
-349
-185
-204
-114
307
411
122
-154
-55
291
10
-419
-272
111
485
-9
-521
138
694
377
175
315
261
23
-50
241
516
756
660
150
-35
-44
-141
247
677
490
76
104
129
-124
-219
-406
-600
-274
57
-205
-231
84
260
374
148
-135
117
413
202
-41
-186
-336
-228
-302
105
721
403
185
440
228
-99
-49
337
736
685
408
296
176
6
15
39
169
439
211
0
-34
-167
167
248
-255
-520
-527
-229
215
79
71
449
260
-80
59
303
315
91
-569
-1219
-329
276
359
611
567
405
396
290
217
480
687
486
282
171
-139
-142
271
573
456
108
-145
-100
-15
136
201
-4
-312
-349
-185
-204
-114
307
411
122
-154
-55
291
10
-419
-272
111
485
-9
-521
138
694
377
175
315
261
23
-50
241
516
756
660
150
-35
-44
-141
247
677
490
76
104
129
-124
-219
-406
-600
-274
57
-205
-231
84
260
374
148
-135
117
413
202
-41
-186
-336
-228
-302
105
721
403
185
440
228
-99
-49
337
736
685
408
296
176
6
15
39
169
439
211
0
-34
-167
167
248
-255
-520
-527
-229
215
79
71
449
260
-80
59
303
315
91
-569
-547
-194
-542
-479
166
631
1047
851
329
252
29
-180
163
596
801
717
206
-96
-49
-51
127
532
549
81
-360
-271
237
419
213
117
-121
-297
-106
-226
-217
295
230
-183
-418
-531
-45
294
-211
-81
563
42
-203
203
247
474
690
426
-169
-555
-268
316
684
906
618
170
60
-38
-48
-51
-42
538
799
147
-308
-180
14
4
-287
-356
42
447
448
172
-121
-513
-485
-256
129
866
872
217
-380
-505
-470
-305
38
133
301
598
465
-1
-191
-91
137
414
572
718
446
-112
-172
236
600
864
449
-212
-292
-43
261
488
418
-72
-519
-444
-194
-234
-690
-636
-1
198
207
167
210
510
-547
-194
-542
-479
166
631
1047
851
329
252
29
-180
163
596
801
717
206
-96
-49
-51
127
532
549
81
-360
-271
237
419
213
117
-121
-297
-106
-226
-217
295
230
-183
-418
-531
-45
294
-211
-81
563
42
-203
203
247
474
690
426
-169
-555
-268
316
684
906
618
170
60
-38
-48
-51
-42
538
799
147
-308
-180
14
4
-287
-356
42
447
448
172
-121
-513
-485
-256
129
866
872
217
-380
-505
-470
-305
38
133
301
598
465
-1
-191
-91
137
414
572
718
446
-112
-172
236
600
864
449
-212
-292
-43
261
488
418
-72
-519
-444
-194
-234
-690
-636
-1
198
207
167
210
510
598
-19
-219
257
4
-436
-309
-1
406
325
-46
211
668
766
464
163
311
246
4
111
167
212
53
108
651
444
-175
-111
279
411
115
-576
-867
-538
-406
-418
-41
471
677
697
237
-186
195
551
306
153
-148
-468
-433
-510
-18
794
815
326
-58
-324
-385
4
472
723
919
847
246
-253
-157
-84
163
628
542
194
-30
-213
121
516
187
-504
-836
-696
-604
-323
260
423
561
606
197
171
235
-191
-1
353
28
-459
-1046
-675
575
803
697
614
146
58
-10
152
644
515
308
362
-8
-31
129
12
466
792
411
12
-336
-331
118
48
-227
-179
-183
-421
-452
-283
-89
280
272
257
598
-19
-219
257
4
-436
-309
-1
406
325
-46
211
668
766
464
163
311
246
4
111
167
212
53
108
651
444
-175
-111
279
411
115
-576
-867
-538
-406
-418
-41
471
677
697
237
-186
195
551
306
153
-148
-468
-433
-510
-18
794
815
326
-58
-324
-385
4
472
723
919
847
246
-253
-157
-84
163
628
542
194
-30
-213
121
516
187
-504
-836
-696
-604
-323
260
423
561
606
197
171
235
-191
-1
353
28
-459
-1046
-675
575
803
697
614
146
58
-10
152
644
515
308
362
-8
-31
129
12
466
792
411
12
-336
-331
118
48
-227
-179
-183
-421
-452
-283
-89
280
272
257
504
484
15
-326
81
425
-71
-680
-353
464
851
890
717
191
-129
-17
63
324
232
71
162
-5
42
149
64
17
72
150
32
92
361
195
-147
-496
-399
132
95
57
347
214
245
113
-183
99
244
-83
-180
168
336
39
-515
-381
288
412
352
507
171
-247
-141
39
198
549
654
478
155
-64
-188
8
527
679
444
46
-204
-114
164
316
164
31
-26
-217
-507
-508
-343
-156
293
552
443
355
255
-91
111
311
-309
-674
-624
-170
511
572
373
378
442
306
24
149
514
508
398
303
59
-71
-122
-173
67
599
635
301
50
-236
-352
-413
-582
-495
-265
-136
4
160
271
502
