Gv9d1126_58
4
RAW_AUDIO_CHW
3,7,25
900.714539
-78.6399689
-67.593544
268.005066
-179.326218
146.401108
229.232956
-338.10907
504.718048
-304.971619
142.175507
102.012283
-258.430786
371.275757
246.13205
-12.6109228
484.280273
-257.846466
377.917053
117.035751
206.887436
24.6256199
-94.8407059
37.4994125
-16.8240089
324.862518
366.226166
-55.3305855
447.002655
-118.929901
170.504868
287.579163
81.2831116
172.409729
-170.658752
51.7467232
52.0186729
-258.990845
264.216248
-123.592354
200.282761
154.62439
-211.177994
263.150238
118.137703
-43.9362831
303.203796
-78.0693893
272.801697
4.75957489
804.091614
9.69442081
-20.3491268
356.983856
-310.73407
251.005463
136.709793
-17.8278751
208.906143
61.8009796
104.062714
155.668884
-134.149323
364.257111
-97.160759
420.466705
-103.365486
-54.7897682
-52.0465355
55.9230232
39.4342499
319.579712
-82.3007736
324.233887
-189.962692
-164.295837
-103.013245
433.837463
-53.3492813
-38.1663322
-110.581314
112.124878
-66.6955261
396.562134
-124.696808
343.596619
-155.2323
297.723602
-149.814011
26.3363495
-85.0461807
255.604523
-122.954132
238.781586
-272.040039
407.897858
225.031815
178.413666
39.8199348
93.3216858
-190.124725
41.1188011
-105.500732
227.787903
-69.8297119
184.625305
-173.222641
213.206467
368.022247
120.940063
96.2187881
86.5466766
-2.68281174
125.341393
-98.0636292
-187.801575
252.894714
-25.9069214
519.307312
-351.393677
317.618195
24.5072327
51.6550789
291.691437
28.4316597
-69.5811386
88.6850357
-360.106628
343.546204
-141.836945
582.756714
-291.825684
191.74588
132.011719
-23.5363369
279.751862
147.594635
-347.030304
377.546417
-327.175354
418.947083
285.721222
-173.219711
305.954773
-268.993927
156.358215
382.345642
-252.962494
77.4848862
225.947052
741.729004
-188.933563
137.427689
541.951294
-285.02652
346.233826
-212.248489
29.8025074
423.953522
-145.56366
-57.0737419
290.665649
-440.199951
638.79895
-295.100067
182.525421
118.139664
-54.9948654
188.812531
54.995739
-45.4632378
352.087189
-184.394424
132.575531
308.814545
872.559387
88.2010269
-117.593369
397.794189
-140.459061
131.574738
255.40564
-234.373505
430.337891
-190.862457
137.29007
425.763458
-249.796509
262.101471
215.028336
-191.752823
320.484344
-204.417755
355.270203
178.319992
48.462368
78.4299622
-21.9130383
206.729401
16.7948685
87.8236694
328.330627
-181.815475
225.583771
-62.8137131
131.674515
371.972687
-69.5597534
182.472046
-96.2666779
195.965942
126.029289
-180.425156
226.258682
14.9756269
85.2943497
281.306244
-209.694443
209.164749
80.9798889
-28.3046589
153.020706
40.6164055
64.4266739
-5.10966635
483.631042
191.866837
-114.331856
435.718445
-260.73111
196.89209
80.2792206
22.9123363
50.6034508
152.288559
-25.4432793
51.4478302
-196.228851
386.99234
-236.070328
459.488281
152.409714
456.973206
145.976059
39.2950592
-297.001068
248.871368
37.6218681
336.235596
-278.852692
-33.2281036
-261.496521
424.480286
161.937439
441.518829
185.758316
113.843613
-333.282135
204.732086
38.314003
334.660126
-178.703156
197.530655
24.534977
278.102875
-117.270691
160.49942
-174.981857
113.163681
-101.745728
477.659698
152.924164
-148.008469
15.0518665
98.544136
43.4108582
321.582703
-70.8504562
96.8906326
-82.7889633
16.7706432
-24.2518711
298.237823
360.915771
-215.665634
39.786438
44.8179512
157.633957
329.654388
124.589111
-186.812088
330.608551
-195.150055
698.055847
-367.559998
-21.5510616
39.1829567
-110.674263
344.740509
109.523499
-177.34668
319.205688
-305.086975
388.026184
-246.56366
636.12146
-150.120544
-201.358139
134.267761
-163.883316
268.787354
258.495148
-201.039551
553.66156
-152.068665
250.355179
177.895523
-228.607498
640.084839
-391.503296
-124.032303
368.53363
-55.4481277
161.299515
420.898315
678.754211
74.0028229
-5.9320302
425.920959
-391.504456
642.833923
-209.006088
-285.798401
353.643524
36.5127449
32.3874512
505.385681
-459.040405
569.498535
-288.667297
52.6994324
339.739258
11.3709526
270.484802
50.5826225
-75.7159958
170.857376
-255.397263
30.3834877
512.713257
872.741211
121.398003
-90.8559494
519.794678
106.060814
236.41803
346.525574
-465.849579
329.039764
-166.81076
94.1105423
419.012115
-203.561615
354.904541
370.868927
-266.476898
346.514618
-147.070511
319.28894
156.078094
89.7150421
199.473694
-18.6302452
11.1552753
55.7674866
253.737991
490.345154
-217.632278
207.709717
16.0164032
103.5187
341.765808
-40.6284676
290.691833
-37.3316193
-0.194147974
135.401611
-180.39679
241.690323
14.2007732
124.628616
524.428101
-43.2184715
333.00766
389.883148
15.7809458
212.280792
-87.6529465
-12.4872379
4.06137753
675.929749
196.258728
-113.349922
652.329834
-55.9860458
286.566681
390.12674
114.915298
97.9579239
77.8057404
-156.685425
86.1827393
-177.835709
492.936523
-53.3987694
253.578751
-48.9592094
197.698395
35.146225
254.232864
50.6802292
416.726196
-195.033081
274.160645
-133.506912
-69.94767
-24.833128
284.05249
-67.8114395
214.938431
-3.55912399
292.44574
-11.886713
462.147827
-162.644302
221.115646
-66.5399017
299.620819
-22.3347836
253.475861
-114.994171
301.281281
82.4272385
385.173523
-317.931763
135.519653
252.791779
119.294952
70.0144119
157.108276
-59.0743408
280.867615
-76.105545
206.377609
151.10054
322.271088
-128.988861
-87.6128159
369.585938
70.6035538
113.33876
136.030472
42.6903381
143.567017
181.397491
-35.2538109
380.580261
-199.697433
507.448242
-319.416962
478.326721
154.705154
-126.244446
257.317596
114.251877
-190.860092
325.601776
-165.895493
478.067261
-256.444214
501.906891
-236.143341
296.464661
324.034363
-167.983841
185.85997
253.571365
-277.493256
490.093628
-291.0354
233.771729
217.448471
-144.998886
655.366638
-187.789383
122.353088
351.281433
-193.567749
268.432556
472.124878
795.054504
-71.9139709
-56.4052353
466.340698
-313.118378
667.877625
-59.4609604
-9.10816288
392.188904
-112.519043
96.6001816
582.090698
-492.590881
548.032043
-305.230316
212.752319
200.06929
-152.264725
308.862762
266.469696
139.664413
436.797668
-181.735245
-73.1268387
324.513062
