Gv1c2020_66
0
RAW_AUDIO_STREAM
1600
186
118
76
60
77
96
107
130
124
67
31
12
1
59
117
109
64
1
-33
-25
-1
49
80
94
85
47
13
24
69
86
72
48
25
-1
-2
5
10
46
70
71
52
31
40
69
116
163
175
135
87
23
-10
9
58
100
129
159
171
183
197
236
287
291
255
194
114
48
43
46
69
92
76
56
25
3
15
52
83
90
80
66
52
23
4
42
85
124
141
98
57
37
-2
1
51
66
75
72
31
38
54
55
92
103
98
81
40
-18
-35
0
101
164
161
126
51
-6
-13
56
121
132
111
59
32
38
52
74
103
111
133
166
173
172
173
156
128
119
100
53
26
-8
-1
72
126
136
126
75
18
2
26
73
80
50
48
49
37
46
95
145
193
208
166
139
102
107
119
98
82
67
37
11
26
53
70
96
91
62
60
48
47
91
155
165
154
157
89
-4
-20
-9
-1
53
131
152
152
153
141
131
120
153
169
130
136
138
119
136
141
115
99
63
-12
-53
-58
3
87
168
201
140
48
-35
-80
-68
-4
18
3
13
4
-2
30
55
96
132
123
104
68
52
65
62
46
55
61
43
31
6
16
68
100
111
103
99
77
60
33
9
32
45
37
16
4
30
173
172
173
156
128
119
100
53
26
-8
-1
72
126
136
126
75
18
2
26
73
80
50
48
49
37
46
95
145
193
208
166
139
102
107
119
98
82
67
37
11
26
53
70
96
91
62
60
48
47
91
155
165
154
157
89
-4
-20
-9
-1
53
131
152
152
153
141
131
120
153
169
130
136
138
119
136
141
115
99
63
-12
-53
-58
3
87
168
201
140
48
-35
-80
-68
-4
18
3
13
4
-2
30
55
96
132
123
104
68
52
65
62
46
55
61
43
31
6
16
68
100
111
103
99
77
60
33
9
32
45
37
16
4
30
62
102
156
153
116
89
58
61
109
134
121
99
98
123
144
160
182
158
163
138
70
20
-1
36
109
172
222
231
196
118
48
47
66
48
54
68
75
90
120
123
156
225
243
214
159
77
29
30
43
67
85
68
42
12
-14
-3
30
43
62
63
25
-21
-46
-62
-32
31
68
78
84
67
46
56
111
167
196
177
136
85
28
19
53
86
116
155
163
143
142
170
170
158
139
81
27
21
25
48
88
119
115
59
-1
-19
-46
-28
20
28
31
27
3
-4
33
95
167
211
176
129
87
62
42
21
24
30
47
53
51
92
131
161
62
102
156
153
116
89
58
61
109
134
121
99
98
123
144
160
182
158
163
138
70
20
-1
36
109
172
222
231
196
118
48
47
66
48
54
68
75
90
120
123
156
225
243
214
159
77
29
30
43
67
85
68
42
12
-14
-3
30
43
62
63
25
-21
-46
-62
-32
31
68
78
84
67
46
56
111
167
196
177
136
85
28
19
53
86
116
155
163
143
142
170
170
158
139
81
27
21
25
48
88
119
115
59
-1
-19
-46
-28
20
28
31
27
3
-4
33
95
167
211
176
129
87
62
42
21
24
30
47
53
51
92
131
161
169
152
129
95
74
75
80
123
173
162
127
62
-8
-32
16
85
129
160
122
59
25
6
20
67
105
106
100
93
74
86
124
155
163
132
43
-49
-87
-98
-52
49
95
115
134
86
45
47
63
95
115
129
127
112
109
131
134
178
228
195
150
116
86
60
62
50
35
37
31
7
-10
7
17
23
15
8
6
20
31
36
69
127
147
155
144
114
103
105
104
135
179
152
97
60
26
15
46
78
72
79
92
83
124
162
159
131
87
14
-50
-45
-16
75
168
207
203
151
88
65
61
71
113
123
105
89
99
84
80
109
132
159
169
152
129
95
74
75
80
123
173
162
127
62
-8
-32
16
85
129
160
122
59
25
6
20
67
105
106
100
93
74
86
124
155
163
132
43
-49
-87
-98
-52
49
95
115
134
86
45
47
63
95
115
129
127
112
109
131
134
178
228
195
150
116
86
60
62
50
35
37
31
7
-10
7
17
23
15
8
6
20
31
36
69
127
147
155
144
114
103
105
104
135
179
152
97
60
26
15
46
78
72
79
92
83
124
162
159
131
87
14
-50
-45
-16
75
168
207
203
151
88
65
61
71
113
123
105
89
99
84
80
109
132
159
156
128
90
64
75
85
68
63
52
6
-25
-32
-1
56
80
73
33
17
15
6
52
123
174
191
183
118
71
62
85
129
159
162
91
18
-37
-56
-19
12
23
49
72
75
65
78
86
51
78
88
15
-9
-6
14
64
157
224
202
179
128
69
47
48
53
67
94
93
102
131
152
169
188
173
140
127
104
107
107
83
52
23
3
-11
-13
-5
30
64
81
72
59
64
74
98
142
181
197
176
106
41
20
39
103
150
180
178
116
56
15
5
29
59
72
77
60
27
-4
9
29
31
64
62
29
41
66
107
183
245
262
215
111
156
128
90
64
75
85
68
63
52
6
-25
-32
-1
56
80
73
33
17
15
6
52
123
174
191
183
118
71
62
85
129
159
162
91
18
-37
-56
-19
12
23
49
72
75
65
78
86
51
78
88
15
-9
-6
14
64
157
224
202
179
128
69
47
48
53
67
94
93
102
131
152
169
188
173
140
127
104
107
107
83
52
23
3
-11
-13
-5
30
64
81
72
59
64
74
98
142
181
197
176
106
41
20
39
103
150
180
178
116
56
15
5
29
59
72
77
60
27
-4
9
29
31
64
62
29
41
66
107
183
245
262
215
111
23
-26
-2
45
86
138
136
130
112
82
102
150
173
184
157
84
16
-17
-68
-104
-79
-20
4
46
70
69
95
93
75
88
65
78
62
40
74
125
151
139
94
36
12
25
71
105
118
122
94
58
42
30
27
36
57
65
62
61
76
107
147
165
157
120
77
79
99
128
185
193
170
136
83
39
23
57
83
84
98
63
36
71
113
160
217
216
155
78
10
-49
-50
-3
-1
-1
21
-4
-1
30
59
136
187
204
198
179
141
84
79
111
144
179
135
44
5
30
77
137
181
172
103
49
-9
-83
-47
1
11
68
79
75
87
99
23
-26
-2
45
86
138
136
130
112
82
102
150
173
184
157
84
16
-17
-68
-104
-79
-20
4
46
70
69
95
93
75
88
65
78
62
40
74
125
151
139
94
36
12
25
71
105
118
122
94
58
42
30
27
36
57
65
62
61
76
107
147
165
157
120
77
79
99
128
185
193
170
136
83
39
23
57
83
84
98
63
36
71
113
160
217
216
155
78
10
-49
-50
-3
-1
-1
21
-4
-1
30
59
136
187
204
198
179
141
84
79
111
144
179
135
44
5
30
77
137
181
172
103
49
-9
-83
-47
1
11
68
79
75
87
99
117
127
133
124
93
62
62
88
110
148
147
116
48
-13
-53
-74
-42
-20
21
78
91
113
106
79
68
86
110
97
38
15
-7
-51
-12
-9
-33
-8
7
16
58
93
90
75
65
65
63
82
83
80
114
102
87
92
73
98
117
143
193
173
165
127
53
-1
-11
25
43
71
138
160
164
182
181
175
184
207
187
143
127
96
85
141
189
218
195
144
84
40
55
102
102
67
55
38
16
45
62
78
152
184
172
135
87
27
-9
4
16
22
44
41
24
45
64
85
119
99
84
106
99
107
121
158
166
149
152
81
4
-5
1
10
117
127
133
124
93
62
62
88
110
148
147
116
48
-13
-53
-74
-42
-20
21
78
91
113
106
79
68
86
110
97
38
15
-7
-51
-12
-9
-33
-8
7
16
58
93
90
75
65
65
63
82
83
80
114
102
87
92
73
98
117
143
193
173
165
127
53
-1
-11
25
