Gv1c2020_70
0
RAW_AUDIO_STREAM
1600
84
52
14
-38
-84
-106
-112
-84
-67
-40
-2
-2
6
26
22
71
122
129
124
93
62
92
107
104
136
141
139
150
174
205
207
179
143
83
46
39
54
89
124
150
176
172
150
108
103
114
135
160
145
122
81
6
-43
-39
-45
-20
20
33
89
175
230
229
204
129
37
-52
-119
-132
-65
31
99
117
75
6
-42
-38
-6
31
65
110
127
102
86
57
39
77
141
186
175
109
93
111
132
131
119
121
99
54
58
78
82
96
91
44
10
17
40
76
112
137
167
177
151
139
131
127
130
134
119
91
45
28
10
-4
19
54
71
88
116
123
116
85
15
-57
-127
-174
-187
-164
-113
-26
81
151
165
152
117
79
79
85
88
107
87
60
72
101
138
185
207
193
159
151
176
205
227
202
143
78
28
-4
-1
2
16
58
78
62
30
6
3
40
86
136
188
189
135
74
33
26
62
106
131
124
86
59
67
89
116
118
125
138
125
120
96
65
35
6
-3
-25
-49
-22
18
65
142
195
203
180
135
75
46
37
53
90
108
73
52
57
71
128
203
246
237
198
135
73
23
-23
-53
-59
-74
-71
-54
-11
51
105
138
138
101
79
103
125
140
164
174
168
139
98
51
34
116
123
116
85
15
-57
-127
-174
-187
-164
-113
-26
81
151
165
152
117
79
79
85
88
107
87
60
72
101
138
185
207
193
159
151
176
205
227
202
143
78
28
-4
-1
2
16
58
78
62
30
6
3
40
86
136
188
189
135
74
33
26
62
106
131
124
86
59
67
89
116
118
125
138
125
120
96
65
35
6
-3
-25
-49
-22
18
65
142
195
203
180
135
75
46
37
53
90
108
73
52
57
71
128
203
246
237
198
135
73
23
-23
-53
-59
-74
-71
-54
-11
51
105
138
138
101
79
103
125
140
164
174
168
139
98
51
34
74
119
145
143
105
87
96
83
78
55
19
-4
-33
-15
28
58
107
132
112
59
3
-24
-34
10
115
205
228
202
140
93
79
62
49
52
30
27
50
50
63
94
148
221
227
186
126
43
-18
-58
-77
-63
-37
5
61
79
94
114
148
159
125
108
95
61
65
102
122
134
109
60
32
27
71
136
159
150
127
108
89
48
3
-54
-116
-99
-62
-4
71
123
156
174
168
141
110
87
83
115
182
231
210
142
63
-10
-44
1
57
116
152
131
92
90
103
122
154
183
183
125
47
-15
-55
-85
-71
-46
-34
-11
11
52
119
155
195
225
74
119
145
143
105
87
96
83
78
55
19
-4
-33
-15
28
58
107
132
112
59
3
-24
-34
10
115
205
228
202
140
93
79
62
49
52
30
27
50
50
63
94
148
221
227
186
126
43
-18
-58
-77
-63
-37
5
61
79
94
114
148
159
125
108
95
61
65
102
122
134
109
60
32
27
71
136
159
150
127
108
89
48
3
-54
-116
-99
-62
-4
71
123
156
174
168
141
110
87
83
115
182
231
210
142
63
-10
-44
1
57
116
152
131
92
90
103
122
154
183
183
125
47
-15
-55
-85
-71
-46
-34
-11
11
52
119
155
195
225
168
91
45
17
17
65
127
149
168
152
99
88
96
114
149
143
111
76
10
-59
-101
-82
-38
7
56
98
125
138
136
131
137
127
111
95
57
64
120
158
194
161
89
48
12
26
57
72
77
66
75
90
88
85
69
18
10
35
64
59
54
55
45
58
81
107
126
132
146
166
175
188
181
142
76
35
26
48
103
119
115
117
133
150
154
151
147
133
100
43
-12
-49
-72
-56
-5
43
64
75
82
101
129
176
210
155
86
20
-35
-14
43
114
142
114
88
52
23
-12
-35
19
62
91
125
120
52
-6
-21
32
94
117
114
83
168
91
45
17
17
65
127
149
168
152
99
88
96
114
149
143
111
76
10
-59
-101
-82
-38
7
56
98
125
138
136
131
137
127
111
95
57
64
120
158
194
161
89
48
12
26
57
72
77
66
75
90
88
85
69
18
10
35
64
59
54
55
45
58
81
107
126
132
146
166
175
188
181
142
76
35
26
48
103
119
115
117
133
150
154
151
147
133
100
43
-12
-49
-72
-56
-5
43
64
75
82
101
129
176
210
155
86
20
-35
-14
43
114
142
114
88
52
23
-12
-35
19
62
91
125
120
52
-6
-21
32
94
117
114
83
51
48
92
122
135
153
147
136
130
123
148
161
146
101
47
31
15
3
66
111
151
164
120
53
14
26
66
75
86
68
45
38
27
6
22
37
56
101
126
161
200
206
187
138
83
29
-33
-43
4
71
161
190
151
102
53
9
-10
14
52
45
10
-28
-55
-41
-3
46
97
132
141
138
126
137
153
153
155
123
95
114
109
125
165
198
207
166
118
69
16
57
113
154
201
217
180
67
-50
-97
-75
24
101
126
110
60
19
8
-1
-16
-9
12
10
44
80
119
157
155
122
50
-30
-67
-64
1
94
167
215
193
111
29
-41
-79
51
48
92
122
135
153
147
136
130
123
148
161
146
101
47
31
15
3
66
111
151
164
120
53
14
26
66
75
86
68
45
38
27
6
22
37
56
101
126
161
200
206
187
138
83
29
-33
-43
4
71
161
190
151
102
53
9
-10
14
52
45
10
-28
-55
-41
-3
46
97
132
141
138
126
137
153
153
155
123
95
114
109
125
165
198
207
166
118
69
16
57
113
154
201
217
180
67
-50
-97
-75
24
101
126
110
60
19
8
-1
-16
-9
12
10
44
80
119
157
155
122
50
-30
-67
-64
1
94
167
215
193
111
29
-41
-79
-92
-67
-14
6
20
51
55
75
136
178
195
179
143
110
93
70
55
58
71
68
72
96
128
171
207
225
186
122
54
30
49
76
94
83
29
-13
-11
10
46
93
141
165
165
146
119
78
89
99
110
134
119
105
140
141
143
153
151
127
88
47
7
30
114
221
271
244
166
15
-89
-91
-64
-10
33
64
74
64
100
137
160
235
284
257
212
117
30
-4
7
18
5
11
7
-12
2
39
63
128
176
134
66
-16
-57
-67
-25
34
60
53
47
11
-4
65
161
238
269
215
133
82
38
16
21
25
45
77
113
131
142
178
191
159
-92
-67
-14
6
20
51
55
75
136
178
195
179
143
110
93
70
55
58
71
68
72
96
128
171
207
225
186
122
54
30
49
76
94
83
29
-13
-11
10
46
93
141
165
165
146
119
78
89
99
110
134
119
105
140
141
143
153
151
127
88
47
7
30
114
221
271
244
166
15
-89
-91
-64
-10
33
64
74
64
100
137
160
235
284
257
212
117
30
-4
7
18
5
11
7
-12
2
39
63
128
176
134
66
-16
-57
-67
-25
34
60
53
47
11
-4
65
161
238
269
215
133
82
38
16
21
25
45
77
113
131
142
178
191
159
103
49
-17
-21
38
105
165
161
86
-9
-116
-151
-122
-87
-12
75
142
188
196
174
160
157
163
144
95
58
-5
-32
-14
14
37
78
88
59
27
49
96
115
137
101
31
-37
-75
-53
7
73
118
140
132
101
76
115
177
212
244
206
107
42
-15
-29
4
23
45
71
102
147
185
213
222
227
209
111
6
-56
-99
-45
47
128
165
146
89
28
14
60
86
130
169
144
135
133
114
130
155
172
176
163
121
72
59
75
98
118
119
104
75
69
56
27
23
5
-19
-29
-13
-5
6
50
111
156
169
140
92
74
90
121
151
150
110
44
103
49
-17
-21
38
105
165
161
86
-9
-116
-151
-122
-87
-12
75
142
188
196
174
160
157
163
144
95
58
-5
-32
-14
14
37
78
88
59
27
49
96
115
137
101
31
-37
-75
-53
7
73
118
140
132
101
76
115
177
212
244
206
107
42
-15
-29
4
23
45
71
