Gv3c1090_114
0
RAW_AUDIO_STREAM
1600
55
60
60
58
67
84
99
108
102
86
87
92
100
114
117
115
105
104
92
71
62
56
64
72
70
65
67
72
83
84
75
67
64
63
63
69
66
68
89
112
125
129
123
115
106
103
108
102
92
88
84
78
66
50
42
55
53
51
53
42
33
40
46
50
53
62
67
68
69
63
62
58
49
61
68
68
68
64
63
67
77
83
92
89
90
88
78
67
73
76
89
93
81
74
68
65
63
66
68
71
74
72
78
77
77
87
100
107
104
91
84
76
82
107
106
104
108
112
109
106
95
88
66
49
50
52
40
38
47
64
72
79
81
85
96
106
118
119
112
109
103
95
97
88
90
93
99
98
88
76
75
78
86
86
86
82
81
87
87
71
61
69
75
88
85
77
68
75
88
90
93
78
60
49
48
49
48
50
61
72
89
95
87
82
85
86
87
80
73
71
90
99
99
85
67
70
80
79
89
93
94
105
117
119
92
67
67
73
79
75
69
64
71
85
100
103
92
78
66
68
79
81
81
91
93
96
80
73
78
86
100
99
91
80
88
98
99
95
81
79
89
91
87
73
52
56
69
65
51
38
38
51
72
89
97
105
47
64
72
79
81
85
96
106
118
119
112
109
103
95
97
88
90
93
99
98
88
76
75
78
86
86
86
82
81
87
87
71
61
69
75
88
85
77
68
75
88
90
93
78
60
49
48
49
48
50
61
72
89
95
87
82
85
86
87
80
73
71
90
99
99
85
67
70
80
79
89
93
94
105
117
119
92
67
67
73
79
75
69
64
71
85
100
103
92
78
66
68
79
81
81
91
93
96
80
73
78
86
100
99
91
80
88
98
99
95
81
79
89
91
87
73
52
56
69
65
51
38
38
51
72
89
97
105
117
118
109
88
65
60
63
70
68
61
47
41
37
39
43
47
46
60
74
86
89
79
90
101
110
118
102
81
73
78
81
80
95
109
120
121
108
86
69
65
77
94
105
95
86
76
67
71
79
75
82
98
117
122
125
124
113
107
99
92
77
72
85
93
92
93
87
89
89
89
82
79
86
85
78
66
56
48
31
23
30
33
39
52
68
76
70
61
52
47
49
55
64
59
64
63
68
77
63
56
68
68
76
84
86
87
91
88
74
63
65
69
78
83
100
110
111
121
113
111
115
103
100
99
104
104
99
98
117
118
109
88
65
60
63
70
68
61
47
41
37
39
43
47
46
60
74
86
89
79
90
101
110
118
102
81
73
78
81
80
95
109
120
121
108
86
69
65
77
94
105
95
86
76
67
71
79
75
82
98
117
122
125
124
113
107
99
92
77
72
85
93
92
93
87
89
89
89
82
79
86
85
78
66
56
48
31
23
30
33
39
52
68
76
70
61
52
47
49
55
64
59
64
63
68
77
63
56
68
68
76
84
86
87
91
88
74
63
65
69
78
83
100
110
111
121
113
111
115
103
100
99
104
104
99
98
92
83
94
96
92
91
90
81
70
65
62
67
80
88
87
90
98
106
104
99
88
77
78
78
82
73
62
65
71
80
79
77
68
66
80
88
94
107
103
95
84
70
69
67
70
79
77
64
51
51
59
79
94
100
100
98
93
91
89
86
86
87
81
81
86
80
80
87
88
87
75
61
54
52
52
60
63
60
62
76
85
89
95
100
107
103
95
80
57
53
54
62
69
61
56
60
64
78
86
88
86
89
99
107
98
86
80
87
100
111
111
105
100
98
95
79
75
81
92
109
103
81
73
71
73
77
80
79
92
83
94
96
92
91
90
81
70
65
62
67
80
88
87
90
98
106
104
99
88
77
78
78
82
73
62
65
71
80
79
77
68
66
80
88
94
107
103
95
84
70
69
67
70
79
77
64
51
51
59
79
94
100
100
98
93
91
89
86
86
87
81
81
86
80
80
87
88
87
75
61
54
52
52
60
63
60
62
76
85
89
95
100
107
103
95
80
57
53
54
62
69
61
56
60
64
78
86
88
86
89
99
107
98
86
80
87
100
111
111
105
100
98
95
79
75
81
92
109
103
81
73
71
73
77
80
79
83
97
110
118
116
107
99
89
87
86
70
71
83
92
96
87
75
67
73
72
59
57
63
87
101
96
91
78
74
77
61
55
53
66
84
93
93
82
71
73
74
77
66
62
61
63
67
66
76
79
75
77
71
58
27
11
24
35
48
70
73
70
67
59
62
71
90
109
103
92
91
87
84
94
98
91
89
90
97
101
96
87
77
65
69
76
73
74
81
87
90
86
83
82
79
85
88
92
96
100
98
101
98
103
98
87
93
99
102
103
98
110
100
100
98
81
83
84
80
80
78
76
79
70
68
71
71
76
83
97
110
118
116
107
99
89
87
86
70
71
83
92
96
87
75
67
73
72
59
57
63
87
101
96
91
78
74
77
61
55
53
66
84
93
93
82
71
73
74
77
66
62
61
63
67
66
76
79
75
77
71
58
27
11
24
35
48
70
73
70
67
59
62
71
90
109
103
92
91
87
84
94
98
91
89
90
97
101
96
87
77
65
69
76
73
74
81
87
90
86
83
82
79
85
88
92
96
100
98
101
98
103
98
87
93
99
102
103
98
110
100
100
98
81
83
84
80
80
78
76
79
70
68
71
71
76
84
104
102
102
93
91
82
75
77
70
74
80
85
96
96
94
80
70
72
69
62
48
38
51
72
77
78
78
86
82
88
83
76
70
64
67
69
63
78
88
85
97
93
77
73
80
95
101
99
83
84
97
112
116
104
88
84
91
96
97
94
100
104
114
117
118
103
84
79
76
82
86
80
72
59
48
47
55
75
89
98
103
93
82
73
70
70
65
69
67
75
86
95
102
90
79
80
86
90
82
61
40
37
44
47
47
53
55
69
80
92
103
106
114
105
88
68
57
64
60
53
53
59
69
77
87
93
82
84
104
102
102
93
91
82
75
77
70
74
80
85
96
96
94
80
70
72
69
62
48
38
51
72
77
78
78
86
82
88
83
76
70
64
67
69
63
78
88
85
97
93
77
73
80
95
101
99
83
84
97
112
116
104
88
84
91
96
97
94
100
104
114
117
118
103
84
79
76
82
86
80
72
59
48
47
55
75
89
98
103
93
82
73
70
70
65
69
67
75
86
95
102
90
79
80
86
90
82
61
40
37
44
47
47
53
55
69
80
92
103
106
114
105
88
68
57
64
60
53
53
59
69
77
87
93
82
72
68
76
79
74
78
72
79
90
88
79
66
66
75
80
94
97
91
93
89
83
57
37
39
48
49
54
54
57
59
65
58
47
48
44
38
45
45
44
46
46
44
48
58
63
81
95
112
135
147
166
170
169
166
163
169
183
205
225
224
216
211
201
197
181
161
147
143
139
127
116
96
81
75
70
59
47
39
38
30
26
11
-8
-18
-26
-39
-40
-43
-40
-25
-2
15
29
32
24
28
40
37
40
46
56
68
63
69
73
75
78
82
85
79
86
91
98
98
99
102
101
99
95
88
77
81
90
91
88
80
71
55
72
68
76
79
74
78
72
79
90
88
79
66
66
75
80
94
97
91
93
89
83
57
37
39
48
49
54
54
57
59
65
58
47
48
44
38
45
45
44
46
46
44
48
58
63
81
95
112
135
147
166
170
169
166
163
169
183
205
225
224
216
211
201
197
