Gv3c1090_215
0
RAW_AUDIO_STREAM
1600
121
158
200
193
187
176
115
98
123
124
109
108
132
134
86
70
101
114
110
109
112
128
139
125
101
114
117
92
84
75
89
107
111
130
143
161
172
136
95
79
48
39
64
57
72
112
77
48
47
14
2
18
8
25
74
68
47
49
37
47
73
52
55
71
47
38
37
34
53
54
29
49
71
67
61
42
33
78
145
181
192
193
158
123
79
45
50
6
-5
76
92
85
70
50
57
54
56
72
58
49
63
53
31
21
-26
-83
-63
-32
-24
22
23
-16
3
17
-20
-41
-14
3
16
15
31
67
74
52
99
175
205
230
257
237
201
166
150
160
166
155
122
71
64
64
48
59
104
165
172
137
147
120
70
98
110
82
95
106
63
54
65
30
43
88
101
86
59
35
6
0
15
31
78
112
118
145
148
114
80
38
-1
47
85
43
25
65
48
35
50
54
83
115
106
102
92
79
31
-10
3
23
57
67
67
119
144
137
132
159
197
219
216
165
142
131
55
49
98
83
106
163
179
193
229
205
179
180
108
73
82
49
39
51
29
12
4
-12
-15
31
66
33
23
39
60
91
87
70
55
76
85
72
91
93
45
39
48
37
57
28
-9
15
257
237
201
166
150
160
166
155
122
71
64
64
48
59
104
165
172
137
147
120
70
98
110
82
95
106
63
54
65
30
43
88
101
86
59
35
6
0
15
31
78
112
118
145
148
114
80
38
-1
47
85
43
25
65
48
35
50
54
83
115
106
102
92
79
31
-10
3
23
57
67
67
119
144
137
132
159
197
219
216
165
142
131
55
49
98
83
106
163
179
193
229
205
179
180
108
73
82
49
39
51
29
12
4
-12
-15
31
66
33
23
39
60
91
87
70
55
76
85
72
91
93
45
39
48
37
57
28
-9
15
36
50
79
95
143
217
224
195
177
165
138
142
157
154
183
179
135
186
221
165
148
145
134
144
131
95
35
11
36
31
58
75
39
19
12
-15
0
60
112
144
154
99
61
59
41
44
11
-28
19
72
47
32
51
43
50
77
97
103
65
26
17
15
25
23
28
65
75
52
48
72
119
131
155
160
127
104
89
122
117
72
61
7
-1
43
12
5
37
18
19
68
94
78
71
77
75
95
121
130
194
243
210
177
129
106
121
118
123
101
89
121
86
38
72
76
37
16
23
38
13
5
10
-1
-3
-1
-1
15
51
88
36
50
79
95
143
217
224
195
177
165
138
142
157
154
183
179
135
186
221
165
148
145
134
144
131
95
35
11
36
31
58
75
39
19
12
-15
0
60
112
144
154
99
61
59
41
44
11
-28
19
72
47
32
51
43
50
77
97
103
65
26
17
15
25
23
28
65
75
52
48
72
119
131
155
160
127
104
89
122
117
72
61
7
-1
43
12
5
37
18
19
68
94
78
71
77
75
95
121
130
194
243
210
177
129
106
121
118
123
101
89
121
86
38
72
76
37
16
23
38
13
5
10
-1
-3
-1
-1
15
51
88
104
92
98
94
87
96
80
67
71
55
56
62
55
66
64
88
117
124
127
134
166
137
67
49
53
74
79
73
77
82
70
84
100
77
19
-1
28
55
80
79
27
-16
-23
-36
-44
-32
-29
-38
-62
-58
-30
6
17
7
59
84
47
67
89
64
82
116
143
190
198
162
109
91
75
61
89
82
72
77
35
47
85
47
55
99
92
95
142
144
108
125
129
106
144
158
140
191
232
203
199
207
188
177
193
176
147
146
151
154
156
174
183
213
237
219
212
224
202
164
125
96
95
118
104
57
33
18
37
38
6
29
51
26
104
92
98
94
87
96
80
67
71
55
56
62
55
66
64
88
117
124
127
134
166
137
67
49
53
74
79
73
77
82
70
84
100
77
19
-1
28
55
80
79
27
-16
-23
-36
-44
-32
-29
-38
-62
-58
-30
6
17
7
59
84
47
67
89
64
82
116
143
190
198
162
109
91
75
61
89
82
72
77
35
47
85
47
55
99
92
95
142
144
108
125
129
106
144
158
140
191
232
203
199
207
188
177
193
176
147
146
151
154
156
174
183
213
237
219
212
224
202
164
125
96
95
118
104
57
33
18
37
38
6
29
51
26
21
40
21
10
41
13
-24
9
34
28
33
43
44
47
89
125
103
95
77
40
21
-3
31
71
67
123
178
136
82
66
36
9
15
53
68
41
21
65
66
7
22
49
35
64
106
60
55
93
64
44
85
122
77
42
58
75
81
95
106
114
105
77
80
54
47
82
21
-18
59
124
102
98
140
137
116
150
148
104
108
90
64
85
124
122
112
133
122
89
65
44
93
139
84
87
87
39
71
100
62
47
39
13
8
31
66
80
55
75
97
62
42
52
4
-24
12
49
61
96
107
88
33
7
21
-4
0
41
-1
-17
21
40
21
10
41
13
-24
9
34
28
33
43
44
47
89
125
103
95
77
40
21
-3
31
71
67
123
178
136
82
66
36
9
15
53
68
41
21
65
66
7
22
49
35
64
106
60
55
93
64
44
85
122
77
42
58
75
81
95
106
114
105
77
80
54
47
82
21
-18
59
124
102
98
140
137
116
150
148
104
108
90
64
85
124
122
112
133
122
89
65
44
93
139
84
87
87
39
71
100
62
47
39
13
8
31
66
80
55
75
97
62
42
52
4
-24
12
49
61
96
107
88
33
7
21
-4
0
41
-1
-17
43
89
107
93
62
75
88
85
74
79
79
70
106
119
129
171
145
96
100
98
86
91
101
127
135
112
108
110
111
94
105
128
115
123
105
80
117
145
119
115
120
76
30
35
51
66
74
69
102
115
78
117
156
131
129
151
168
193
228
233
208
191
156
123
129
136
131
103
85
89
91
57
8
-22
-27
-17
-24
-46
-36
-13
7
47
71
69
43
23
52
45
19
29
56
57
66
97
77
73
87
55
56
95
112
151
175
165
170
111
38
23
21
28
57
94
87
68
75
53
55
84
65
45
41
45
45
43
47
20
15
62
43
89
107
93
62
75
88
85
74
79
79
70
106
119
129
171
145
96
100
98
86
91
101
127
135
112
108
110
111
94
105
128
115
123
105
80
117
145
119
115
120
76
30
35
51
66
74
69
102
115
78
117
156
131
129
151
168
193
228
233
208
191
156
123
129
136
131
103
85
89
91
57
8
-22
-27
-17
-24
-46
-36
-13
7
47
71
69
43
23
52
45
19
29
56
57
66
97
77
73
87
55
56
95
112
151
175
165
170
111
38
23
21
28
57
94
87
68
75
53
55
84
65
45
41
45
45
43
47
20
15
62
72
110
176
161
102
48
-1
17
69
72
62
61
49
54
57
49
83
104
68
102
145
112
111
140
133
129
133
82
48
91
78
29
73
104
97
114
90
53
64
47
26
52
97
153
193
219
204
193
193
177
165
165
138
92
88
93
108
114
123
132
113
91
109
138
126
83
31
20
12
-5
9
-4
-33
-25
7
40
60
84
83
77
84
74
84
77
31
53
74
50
98
122
106
147
182
155
151
126
64
31
20
25
29
7
18
69
40
0
9
-4
12
70
113
126
119
82
45
75
108
109
73
49
90
108
56
75
88
66
89
106
72
110
176
161
102
48
-1
17
69
72
62
61
49
54
57
49
83
104
68
102
145
112
111
140
133
129
133
82
48
91
78
29
73
104
97
114
90
53
64
47
26
52
97
153
193
219
204
193
193
177
165
165
138
92
88
93
108
114
123
132
113
91
109
138
