Gv3c1090_96
0
RAW_AUDIO_STREAM
1600
73
78
87
89
81
79
78
88
80
70
61
53
59
55
68
78
86
88
86
59
40
33
35
56
72
77
82
78
67
70
66
76
82
84
99
116
124
120
105
89
84
71
63
64
68
78
89
97
94
81
67
63
56
60
77
90
103
111
124
131
114
96
78
61
54
48
63
93
114
129
126
113
95
76
63
67
80
88
90
86
80
80
66
45
34
40
59
55
62
82
99
96
90
83
68
44
30
35
49
73
94
97
91
74
57
44
39
47
70
84
83
74
74
76
74
67
71
65
66
77
82
93
93
98
104
104
103
90
81
92
101
111
117
114
111
100
91
88
88
106
123
134
127
116
108
96
91
92
98
99
96
100
108
118
123
110
98
94
74
60
54
49
60
80
83
78
66
59
54
68
80
82
73
71
86
89
89
92
89
72
65
60
54
65
72
74
80
78
68
65
72
81
90
84
76
75
76
86
78
76
74
86
101
101
89
85
79
79
88
83
77
71
54
52
62
70
83
90
90
100
87
76
89
102
114
120
101
84
83
87
90
99
93
83
82
75
80
70
73
87
92
85
71
43
25
43
79
97
106
100
78
63
47
40
45
48
81
92
101
111
117
114
111
100
91
88
88
106
123
134
127
116
108
96
91
92
98
99
96
100
108
118
123
110
98
94
74
60
54
49
60
80
83
78
66
59
54
68
80
82
73
71
86
89
89
92
89
72
65
60
54
65
72
74
80
78
68
65
72
81
90
84
76
75
76
86
78
76
74
86
101
101
89
85
79
79
88
83
77
71
54
52
62
70
83
90
90
100
87
76
89
102
114
120
101
84
83
87
90
99
93
83
82
75
80
70
73
87
92
85
71
43
25
43
79
97
106
100
78
63
47
40
45
48
55
59
54
50
38
37
50
70
90
93
84
73
67
74
69
50
39
48
43
35
37
32
41
62
74
78
74
65
66
66
66
63
51
52
59
74
91
107
115
124
132
126
113
102
101
100
100
95
82
69
68
85
108
118
112
107
106
108
113
111
124
142
139
122
106
94
102
110
109
87
71
69
72
85
99
118
110
76
59
50
50
39
39
52
55
60
57
45
49
52
56
76
88
101
103
94
83
83
84
86
87
81
78
77
82
106
121
123
120
111
106
111
124
131
137
151
149
137
127
109
92
77
71
83
87
87
87
91
55
59
54
50
38
37
50
70
90
93
84
73
67
74
69
50
39
48
43
35
37
32
41
62
74
78
74
65
66
66
66
63
51
52
59
74
91
107
115
124
132
126
113
102
101
100
100
95
82
69
68
85
108
118
112
107
106
108
113
111
124
142
139
122
106
94
102
110
109
87
71
69
72
85
99
118
110
76
59
50
50
39
39
52
55
60
57
45
49
52
56
76
88
101
103
94
83
83
84
86
87
81
78
77
82
106
121
123
120
111
106
111
124
131
137
151
149
137
127
109
92
77
71
83
87
87
87
91
98
86
68
58
51
65
78
84
84
85
78
63
42
21
7
8
13
22
27
40
51
48
56
44
17
9
5
13
41
46
59
74
75
71
75
72
68
77
84
104
120
113
109
109
94
84
76
87
108
127
133
129
140
156
178
187
174
156
130
101
99
116
121
119
105
91
85
73
60
46
50
63
82
83
74
61
52
46
38
40
44
42
52
59
72
79
80
76
66
63
68
73
77
99
115
111
108
95
93
87
103
120
130
142
146
137
116
99
89
86
92
100
102
103
105
93
84
75
61
60
69
58
47
38
31
38
40
28
98
86
68
58
51
65
78
84
84
85
78
63
42
21
7
8
13
22
27
40
51
48
56
44
17
9
5
13
41
46
59
74
75
71
75
72
68
77
84
104
120
113
109
109
94
84
76
87
108
127
133
129
140
156
178
187
174
156
130
101
99
116
121
119
105
91
85
73
60
46
50
63
82
83
74
61
52
46
38
40
44
42
52
59
72
79
80
76
66
63
68
73
77
99
115
111
108
95
93
87
103
120
130
142
146
137
116
99
89
86
92
100
102
103
105
93
84
75
61
60
69
58
47
38
31
38
40
28
26
26
36
48
42
39
34
36
39
44
42
40
31
9
-1
3
19
45
64
89
109
115
118
113
109
110
102
91
88
91
85
90
97
83
73
61
52
53
52
58
66
61
59
59
55
47
46
44
35
40
48
71
93
106
124
134
128
119
121
138
146
149
136
124
126
132
126
126
134
146
155
155
154
156
153
135
126
122
136
162
169
164
160
136
100
75
66
70
75
76
84
92
83
80
78
74
69
58
48
56
63
62
56
49
39
47
36
17
12
11
12
12
17
14
27
34
45
58
45
26
19
-4
-8
-6
-17
-6
9
18
26
26
36
48
42
39
34
36
39
44
42
40
31
9
-1
3
19
45
64
89
109
115
118
113
109
110
102
91
88
91
85
90
97
83
73
61
52
53
52
58
66
61
59
59
55
47
46
44
35
40
48
71
93
106
124
134
128
119
121
138
146
149
136
124
126
132
126
126
134
146
155
155
154
156
153
135
126
122
136
162
169
164
160
136
100
75
66
70
75
76
84
92
83
80
78
74
69
58
48
56
63
62
56
49
39
47
36
17
12
11
12
12
17
14
27
34
45
58
45
26
19
-4
-8
-6
-17
-6
9
18
22
25
25
37
59
74
82
66
61
77
85
99
123
147
166
172
174
175
172
167
188
223
250
250
228
193
165
147
142
157
147
134
136
122
110
96
102
104
106
94
61
22
5
2
9
15
23
18
9
4
-4
-5
-3
-2
13
25
39
58
71
75
81
81
67
66
83
104
118
111
87
67
61
66
57
48
51
66
88
105
96
85
89
80
74
79
85
96
96
98
104
93
82
89
91
82
82
68
61
68
80
77
62
33
10
2
4
12
17
24
36
57
54
50
38
16
28
42
45
54
63
81
87
90
90
89
83
77
82
85
22
25
25
37
59
74
82
66
61
77
85
99
123
147
166
172
174
175
172
167
188
223
250
250
228
193
165
147
142
157
147
134
136
122
110
96
102
104
106
94
61
22
5
2
9
15
23
18
9
4
-4
-5
-3
-2
13
25
39
58
71
75
81
81
67
66
83
104
118
111
87
67
61
66
57
48
51
66
88
105
96
85
89
80
74
79
85
96
96
98
104
93
82
89
91
82
82
68
61
68
80
77
62
33
10
2
4
12
17
24
36
57
54
50
38
16
28
42
45
54
63
81
87
90
90
89
83
77
82
85
90
115
114
114
111
96
83
60
44
46
47
56
60
78
91
99
99
103
105
117
129
128
123
119
119
143
156
144
127
102
86
83
91
107
141
174
192
192
170
142
145
144
136
119
106
115
122
102
97
96
104
119
129
141
153
159
144
130
126
120
119
109
88
91
105
109
114
105
85
66
27
5
-25
-50
-65
-79
-73
-81
-96
-105
-108
-99
-98
-82
-66
-59
-41
-32
-19
5
17
24
32
41
45
48
57
69
82
85
86
83
79
88
88
80
79
80
89
109
125
153
176
188
175
173
182
177
166
152
143
145
142
131
115
93
81
80
90
115
114
114
111
96
83
60
44
46
47
56
60
78
91
99
99
103
105
117
129
128
123
119
119
143
156
144
127
102
86
83
91
107
141
174
192
192
170
142
145
144
136
119
106
115
122
102
97
96
104
119
129
141
153
159
144
130
126
120
119
109
88
91
