Gv3c1090_362
0
RAW_AUDIO_STREAM
1600
26
10
17
44
50
36
47
68
68
64
58
59
71
96
120
131
146
150
141
127
107
78
55
39
47
61
66
59
65
77
96
120
122
105
104
97
83
69
71
94
106
100
92
76
74
76
66
68
69
63
48
46
67
67
54
56
52
43
38
44
46
68
87
94
112
116
114
108
85
62
38
41
56
79
105
108
109
94
57
43
43
51
73
81
93
89
80
73
63
73
82
92
96
93
83
75
90
105
114
132
141
134
135
136
119
107
102
107
117
118
119
140
168
179
177
146
121
98
68
50
54
67
69
64
62
70
78
85
96
105
113
102
78
60
64
72
72
82
84
74
67
44
22
18
28
42
62
81
77
77
63
36
19
2
-7
5
29
58
95
123
131
125
105
79
77
100
104
105
95
80
75
74
86
89
100
107
108
108
95
93
73
68
71
69
71
78
69
63
48
42
42
52
55
54
66
71
68
65
68
83
88
86
83
73
75
79
92
127
173
198
186
156
123
91
63
39
40
62
86
109
124
126
123
108
81
76
77
79
72
61
63
70
71
65
64
54
47
59
72
78
74
56
37
39
50
67
79
68
52
53
69
68
72
93
114
135
96
105
113
102
78
60
64
72
72
82
84
74
67
44
22
18
28
42
62
81
77
77
63
36
19
2
-7
5
29
58
95
123
131
125
105
79
77
100
104
105
95
80
75
74
86
89
100
107
108
108
95
93
73
68
71
69
71
78
69
63
48
42
42
52
55
54
66
71
68
65
68
83
88
86
83
73
75
79
92
127
173
198
186
156
123
91
63
39
40
62
86
109
124
126
123
108
81
76
77
79
72
61
63
70
71
65
64
54
47
59
72
78
74
56
37
39
50
67
79
68
52
53
69
68
72
93
114
135
153
173
161
139
100
54
32
26
36
60
85
108
107
87
70
52
43
45
51
54
57
74
77
92
104
109
106
102
107
109
104
95
74
67
81
88
105
118
120
121
100
77
62
55
52
59
62
65
80
89
97
94
86
73
54
44
43
40
47
53
52
59
69
89
95
99
94
61
20
2
8
42
85
98
86
62
37
22
24
59
83
79
85
104
113
107
96
63
59
54
39
44
51
59
93
120
149
171
170
137
90
77
69
54
51
48
51
60
70
72
82
93
106
116
120
127
143
147
140
134
136
138
126
105
97
95
99
109
153
173
161
139
100
54
32
26
36
60
85
108
107
87
70
52
43
45
51
54
57
74
77
92
104
109
106
102
107
109
104
95
74
67
81
88
105
118
120
121
100
77
62
55
52
59
62
65
80
89
97
94
86
73
54
44
43
40
47
53
52
59
69
89
95
99
94
61
20
2
8
42
85
98
86
62
37
22
24
59
83
79
85
104
113
107
96
63
59
54
39
44
51
59
93
120
149
171
170
137
90
77
69
54
51
48
51
60
70
72
82
93
106
116
120
127
143
147
140
134
136
138
126
105
97
95
99
109
118
111
94
85
81
104
128
120
107
92
78
79
84
76
61
61
68
87
106
107
103
87
50
15
-9
-10
12
35
53
61
55
43
42
59
64
59
55
60
71
70
57
53
47
48
44
32
40
71
92
102
111
112
114
100
96
101
95
90
84
60
65
95
97
106
121
133
138
121
80
44
24
27
26
19
18
21
31
47
64
61
64
78
94
114
128
127
123
122
132
138
135
126
115
113
115
114
118
118
129
135
143
154
129
94
71
59
52
40
40
48
54
64
80
93
95
91
87
74
49
38
31
31
30
40
47
52
75
86
118
111
94
85
81
104
128
120
107
92
78
79
84
76
61
61
68
87
106
107
103
87
50
15
-9
-10
12
35
53
61
55
43
42
59
64
59
55
60
71
70
57
53
47
48
44
32
40
71
92
102
111
112
114
100
96
101
95
90
84
60
65
95
97
106
121
133
138
121
80
44
24
27
26
19
18
21
31
47
64
61
64
78
94
114
128
127
123
122
132
138
135
126
115
113
115
114
118
118
129
135
143
154
129
94
71
59
52
40
40
48
54
64
80
93
95
91
87
74
49
38
31
31
30
40
47
52
75
86
93
96
90
68
50
29
15
14
33
57
79
99
96
78
69
72
84
102
128
146
148
143
127
96
84
98
116
131
144
149
137
135
131
137
122
102
89
70
73
68
52
37
34
35
32
41
61
75
89
88
88
99
113
135
125
104
87
53
45
54
81
100
102
102
101
92
84
72
58
66
67
55
48
48
46
59
62
52
49
57
81
107
122
125
109
80
59
47
42
36
42
68
91
90
79
75
77
84
93
99
112
125
129
131
125
112
101
86
72
55
45
55
59
69
79
93
98
88
85
83
91
113
112
97
97
98
88
96
93
96
90
68
50
29
15
14
33
57
79
99
96
78
69
72
84
102
128
146
148
143
127
96
84
98
116
131
144
149
137
135
131
137
122
102
89
70
73
68
52
37
34
35
32
41
61
75
89
88
88
99
113
135
125
104
87
53
45
54
81
100
102
102
101
92
84
72
58
66
67
55
48
48
46
59
62
52
49
57
81
107
122
125
109
80
59
47
42
36
42
68
91
90
79
75
77
84
93
99
112
125
129
131
125
112
101
86
72
55
45
55
59
69
79
93
98
88
85
83
91
113
112
97
97
98
88
96
119
128
137
139
111
80
63
49
40
24
37
46
31
18
9
2
6
16
29
35
51
63
62
52
43
43
43
38
35
35
36
32
38
51
59
72
71
75
83
90
98
90
87
85
81
94
103
112
124
124
121
126
131
117
107
117
106
86
84
87
95
112
127
130
126
123
119
98
83
65
55
58
66
76
79
76
74
77
84
86
79
71
64
63
71
81
79
71
83
93
86
67
44
46
64
103
124
135
142
131
129
115
105
108
99
71
65
65
65
76
81
71
57
50
60
77
92
96
75
47
36
41
37
41
43
38
30
32
119
128
137
139
111
80
63
49
40
24
37
46
31
18
9
2
6
16
29
35
51
63
62
52
43
43
43
38
35
35
36
32
38
51
59
72
71
75
83
90
98
90
87
85
81
94
103
112
124
124
121
126
131
117
107
117
106
86
84
87
95
112
127
130
126
123
119
98
83
65
55
58
66
76
79
76
74
77
84
86
79
71
64
63
71
81
79
71
83
93
86
67
44
46
64
103
124
135
142
131
129
115
105
108
99
71
65
65
65
76
81
71
57
50
60
77
92
96
75
47
36
41
37
41
43
38
30
32
41
50
71
74
61
66
64
56
60
60
67
78
84
74
66
55
55
58
78
112
123
122
105
66
36
37
47
60
71
73
70
65
70
90
112
119
108
101
97
87
80
81
87
99
93
90
89
109
129
137
135
126
129
153
167
174
167
146
116
97
81
86
99
124
158
170
162
143
112
80
84
83
87
63
31
32
34
43
46
38
27
24
26
35
51
61
68
71
69
67
76
73
70
79
69
59
59
68
72
74
82
95
99
96
82
68
67
69
72
84
82
66
66
79
79
93
114
128
135
127
104
67
38
31
39
62
69
59
41
50
71
74
61
66
64
56
60
60
67
78
84
74
66
55
55
58
78
112
123
122
105
66
36
37
47
60
71
73
70
65
70
90
112
119
108
101
97
87
80
81
87
99
93
90
89
109
129
137
135
126
129
153
167
174
167
146
116
97
81
86
99
124
