Gv3c1090_231
0
RAW_AUDIO_STREAM
1600
129
101
113
181
165
62
-38
-59
-38
2
61
25
-7
16
-47
-48
25
21
54
97
92
45
-6
-70
-144
-96
-14
-98
-57
25
-37
16
95
51
51
117
86
31
131
153
94
115
66
26
89
112
51
67
122
127
146
143
104
101
93
75
68
77
42
30
79
76
151
259
195
102
61
3
-6
33
27
-6
25
37
11
55
102
77
71
121
131
108
111
83
90
113
100
100
122
114
83
71
91
118
159
185
192
219
198
120
77
50
31
56
100
143
136
124
147
159
198
239
205
215
188
83
73
63
39
61
61
9
3
116
101
11
81
91
42
144
138
53
84
63
54
167
196
133
173
137
81
98
92
83
71
58
19
23
83
43
63
125
87
162
259
230
213
139
24
16
95
90
-9
55
142
111
167
211
97
56
90
85
158
222
110
16
36
34
28
33
37
56
67
9
-7
27
-26
7
77
48
117
144
18
-37
36
64
3
6
66
21
54
163
113
109
192
159
145
144
108
33
-8
29
-1
-37
9
-40
-41
26
-5
2
65
72
69
87
93
112
145
91
29
52
61
56
85
92
51
83
95
75
120
109
62
65
47
20
42
61
63
113
235
215
107
114
80
-7
1
24
42
144
138
53
84
63
54
167
196
133
173
137
81
98
92
83
71
58
19
23
83
43
63
125
87
162
259
230
213
139
24
16
95
90
-9
55
142
111
167
211
97
56
90
85
158
222
110
16
36
34
28
33
37
56
67
9
-7
27
-26
7
77
48
117
144
18
-37
36
64
3
6
66
21
54
163
113
109
192
159
145
144
108
33
-8
29
-1
-37
9
-40
-41
26
-5
2
65
72
69
87
93
112
145
91
29
52
61
56
85
92
51
83
95
75
120
109
62
65
47
20
42
61
63
113
235
215
107
114
80
-7
1
24
4
62
116
101
103
141
115
35
28
7
26
107
97
131
110
-18
23
43
-32
-11
22
0
43
161
135
113
264
181
-7
44
81
31
24
38
39
79
103
80
77
95
151
192
198
145
60
17
-30
-15
52
41
-11
-61
-43
57
95
100
101
87
126
103
100
128
73
28
24
-30
-33
40
-5
-32
95
132
52
56
53
4
7
59
92
118
179
170
171
328
421
402
367
298
202
134
102
85
135
204
199
230
191
156
227
156
83
205
182
23
10
49
51
97
73
-57
-52
35
23
82
160
73
81
134
55
70
124
47
-48
-35
12
19
80
145
4
62
116
101
103
141
115
35
28
7
26
107
97
131
110
-18
23
43
-32
-11
22
0
43
161
135
113
264
181
-7
44
81
31
24
38
39
79
103
80
77
95
151
192
198
145
60
17
-30
-15
52
41
-11
-61
-43
57
95
100
101
87
126
103
100
128
73
28
24
-30
-33
40
-5
-32
95
132
52
56
53
4
7
59
92
118
179
170
171
328
421
402
367
298
202
134
102
85
135
204
199
230
191
156
227
156
83
205
182
23
10
49
51
97
73
-57
-52
35
23
82
160
73
81
134
55
70
124
47
-48
-35
12
19
80
145
114
108
118
73
92
143
127
128
124
45
2
7
-20
17
65
17
57
122
44
-1
92
92
44
101
93
-1
28
110
84
69
79
49
35
32
33
20
-3
16
89
139
105
93
86
22
38
121
153
155
199
252
208
164
143
42
9
44
43
29
16
38
35
20
7
-22
15
11
-60
34
39
-30
46
32
-32
22
30
5
1
13
5
1
88
130
136
212
148
53
122
106
101
95
9
19
99
95
76
150
179
164
251
321
227
155
121
47
111
159
73
48
12
-44
35
73
31
34
39
17
17
135
171
100
110
43
-25
2
7
-3
19
88
114
108
118
73
92
143
127
128
124
45
2
7
-20
17
65
17
57
122
44
-1
92
92
44
101
93
-1
28
110
84
69
79
49
35
32
33
20
-3
16
89
139
105
93
86
22
38
121
153
155
199
252
208
164
143
42
9
44
43
29
16
38
35
20
7
-22
15
11
-60
34
39
-30
46
32
-32
22
30
5
1
13
5
1
88
130
136
212
148
53
122
106
101
95
9
19
99
95
76
150
179
164
251
321
227
155
121
47
111
159
73
48
12
-44
35
73
31
34
39
17
17
135
171
100
110
43
-25
2
7
-3
19
88
84
60
126
109
63
87
29
43
119
114
100
195
259
224
219
167
64
36
29
40
82
71
8
45
102
88
124
125
24
70
120
90
160
166
72
18
24
85
66
43
62
28
101
159
126
167
161
116
134
111
83
50
22
0
-8
100
162
104
116
154
163
187
146
170
224
175
85
22
45
59
8
-45
-76
-64
-19
-23
-6
79
65
55
125
151
120
136
179
183
205
182
55
45
138
88
83
123
71
141
188
101
104
128
52
-24
-9
-2
23
107
106
132
184
61
-99
-63
-58
-87
1
66
9
44
107
13
55
172
103
64
116
101
62
74
84
60
126
109
63
87
29
43
119
114
100
195
259
224
219
167
64
36
29
40
82
71
8
45
102
88
124
125
24
70
120
90
160
166
72
18
24
85
66
43
62
28
101
159
126
167
161
116
134
111
83
50
22
0
-8
100
162
104
116
154
163
187
146
170
224
175
85
22
45
59
8
-45
-76
-64
-19
-23
-6
79
65
55
125
151
120
136
179
183
205
182
55
45
138
88
83
123
71
141
188
101
104
128
52
-24
-9
-2
23
107
106
132
184
61
-99
-63
-58
-87
1
66
9
44
107
13
55
172
103
64
116
101
62
74
43
-15
-12
-12
8
57
48
74
110
113
169
193
218
205
148
167
143
129
97
38
91
166
139
151
241
180
111
139
99
63
80
28
-29
-27
-46
-55
-45
-32
-23
31
71
54
71
106
86
168
258
187
115
122
47
15
112
63
21
81
22
-32
-1
65
54
-77
-157
-127
-13
33
8
75
65
-17
121
268
255
254
206
118
94
133
126
95
170
170
165
221
171
143
113
32
77
113
36
19
36
55
61
124
119
8
64
134
45
27
139
135
116
173
126
83
173
130
17
96
120
95
137
73
27
106
135
122
193
252
151
50
38
-7
3
37
43
-15
-12
-12
8
57
48
74
110
113
169
193
218
205
148
167
143
129
97
38
91
166
139
151
241
180
111
139
99
63
80
28
-29
-27
-46
-55
-45
-32
-23
31
71
54
71
106
86
168
258
187
115
122
47
15
112
63
21
81
22
-32
-1
65
54
-77
-157
-127
-13
33
8
75
65
-17
121
268
255
254
206
118
94
133
126
95
170
170
165
221
171
143
113
32
77
113
36
19
36
55
61
124
119
8
64
134
45
27
139
135
116
173
126
83
173
130
17
96
120
95
137
73
27
106
135
122
193
252
151
50
38
-7
3
37
-16
-12
33
21
25
47
55
45
62
70
103
184
101
52
144
78
-25
-26
-27
-24
-13
-4
-17
38
105
82
118
153
104
28
17
56
62
101
183
224
289
283
181
128
82
49
36
23
96
154
130
61
6
42
53
55
87
44
41
56
-15
20
134
129
87
63
8
30
141
159
148
214
207
189
207
107
-3
88
33
-115
-53
-35
-16
105
128
110
73
27
30
89
159
71
63
132
-4
13
160
143
98
45
-1
-3
121
229
139
123
181
111
67
72
94
139
110
2
8
59
-30
-46
19
-5
-5
61
5
-23
70
81
53
124
130
126
233
258
-16
-12
33
21
25
47
55
45
62
70
103
184
101
52
144
78
-25
-26
-27
-24
-13
-4
-17
38
105
82
118
153
104
28
17
56
62
101
183
224
289
283
181
128
82
49
36
23
96
154
130
61
6
42
53
55
87
44
41
56
-15
20
134
129
87
63
8
30
