Gv6d1090_125
6
RAW_AUDIO_STREAM
1600
390
380
-83
-312
-761
-1215
-689
408
1494
1456
44
-1000
-896
-219
637
978
520
-10
-481
-715
-218
738
1116
632
-396
-973
-740
-2
1045
1329
793
16
-572
-753
-189
692
923
325
-522
-816
-448
353
923
663
-106
-675
-1096
-989
-368
49
619
1417
2138
1818
475
-698
-1082
-976
-384
380
881
631
-354
-1296
-1621
-926
61
953
1377
818
52
-456
-466
120
1259
1852
1123
-326
-1390
-1698
-896
510
1417
976
-142
-779
-1091
-808
183
1156
1168
298
-493
-800
-412
648
1152
560
-64
-302
-93
411
164
-400
-510
-400
-68
436
483
251
-63
-681
-781
-166
724
1552
1297
198
-353
-575
-514
65
387
316
-42
-349
-290
17
316
724
565
-311
-908
-847
-72
1264
1719
1072
137
-483
-770
-624
-109
439
200
-537
-975
-771
-52
1111
1335
533
-119
-319
-118
359
438
248
114
-183
-107
72
15
-132
-420
-906
-757
24
880
1607
900
-329
-806
-582
37
788
828
371
-153
-475
-542
-224
440
989
720
-301
-945
-835
103
1361
1499
682
-32
-581
-869
-458
282
739
260
-728
-1107
-652
304
1015
720
19
-382
-478
149
990
856
225
-146
-272
125
210
-65
-69
-344
-710
-506
165
1143
1497
430
-542
-607
-365
300
818
519
54
-313
-611
-538
127
860
979
43
-986
-1148
-656
547
1448
1166
336
-198
-705
-715
-1
671
604
-94
-733
-679
-120
316
724
565
-311
-908
-847
-72
1264
1719
1072
137
-483
-770
-624
-109
439
200
-537
-975
-771
-52
1111
1335
533
-119
-319
-118
359
438
248
114
-183
-107
72
15
-132
-420
-906
-757
24
880
1607
900
-329
-806
-582
37
788
828
371
-153
-475
-542
-224
440
989
720
-301
-945
-835
103
1361
1499
682
-32
-581
-869
-458
282
739
260
-728
-1107
-652
304
1015
720
19
-382
-478
149
990
856
225
-146
-272
125
210
-65
-69
-344
-710
-506
165
1143
1497
430
-542
-607
-365
300
818
519
54
-313
-611
-538
127
860
979
43
-986
-1148
-656
547
1448
1166
336
-198
-705
-715
-1
671
604
-94
-733
-679
-120
534
647
63
-341
-468
-164
635
1048
588
-1
-267
-8
321
197
20
-156
-549
-766
-348
531
1499
969
-354
-848
-599
-61
531
545
183
-208
-544
-415
121
888
1242
647
-416
-998
-875
-68
1119
1433
745
-34
-649
-836
-328
435
902
311
-602
-824
-634
114
939
935
209
-542
-586
272
870
499
-30
-240
-148
310
236
-24
-56
-436
-941
-635
357
1500
1380
65
-760
-652
-203
368
551
226
-72
-445
-592
-92
743
1276
813
-288
-1099
-1121
-396
978
1731
1086
-97
-860
-1102
-528
408
799
461
-332
-704
-514
210
1052
888
14
-750
-767
210
957
570
-90
-278
1
478
351
96
55
-338
-778
-588
108
1179
1312
534
647
63
-341
-468
-164
635
1048
588
-1
-267
-8
321
197
20
-156
-549
-766
-348
531
1499
969
-354
-848
-599
-61
531
545
183
-208
-544
-415
121
888
1242
647
-416
-998
-875
-68
1119
1433
745
-34
-649
-836
-328
435
902
311
-602
-824
-634
114
939
935
209
-542
-586
272
870
499
-30
-240
-148
310
236
-24
-56
-436
-941
-635
357
1500
1380
65
-760
-652
-203
368
551
226
-72
-445
-592
-92
743
1276
813
-288
-1099
-1121
-396
978
1731
1086
-97
-860
-1102
-528
408
799
461
-332
-704
-514
210
1052
888
14
-750
-767
210
957
570
-90
-278
1
478
351
96
55
-338
-778
-588
108
1179
1312
108
-808
-773
-357
366
812
654
71
-392
-541
-232
638
1242
808
-355
-1130
-1243
-508
1047
1847
1234
-1
-809
-879
-329
320
616
212
-377
-664
-359
384
956
710
45
-482
-516
208
658
209
-137
-234
-49
388
284
63
61
-331
-868
-767
119
1495
1535
243
-692
-745
-379
375
693
409
-22
-591
-893
-272
815
1353
918
-256
-903
-967
-218
1148
1665
883
-130
-814
-942
-396
316
583
208
-324
-717
-520
265
1043
747
-80
-597
-494
303
832
406
-206
-426
-110
419
400
252
-9
-568
-1026
-688
276
1567
1526
163
-676
-705
-143
676
880
315
-304
-784
-731
-50
800
1326
836
-341
-1068
-1211
-544
950
1840
1211
-38
108
-808
-773
-357
366
812
654
71
-392
-541
-232
638
1242
808
-355
-1130
-1243
-508
1047
1847
1234
-1
-809
-879
-329
320
616
212
-377
-664
-359
384
956
710
45
-482
-516
208
658
209
-137
-234
-49
388
284
63
61
-331
-868
-767
119
1495
1535
243
-692
-745
-379
375
693
409
-22
-591
-893
-272
815
1353
918
-256
-903
-967
-218
1148
1665
883
-130
-814
-942
-396
316
583
208
-324
-717
-520
265
1043
747
-80
-597
-494
303
832
406
-206
-426
-110
419
400
252
-9
-568
-1026
-688
276
1567
1526
163
-676
-705
-143
676
880
315
-304
-784
-731
-50
800
1326
836
-341
-1068
-1211
-544
950
1840
1211
-38
-868
-1272
-1222
-813
-87
400
569
629
670
592
961
937
-33
-684
-581
112
1256
1622
594
-543
-1185
-1292
-792
-64
566
595
-12
-508
-252
284
480
272
-104
30
484
625
523
83
-556
-1141
-1101
-318
656
1291
1067
178
-727
-1404
-1170
442
2090
2418
1185
-101
-799
-1136
-824
-33
550
215
-638
-1024
-1026
-94
1217
1437
792
81
-324
-107
748
684
200
-16
-236
-37
155
7
-18
-541
-1128
-999
-446
520
1611
1187
154
-472
-599
-96
859
809
212
-227
-515
-464
-268
304
916
745
-423
-1080
-994
-89
1439
1981
1241
246
-606
-1260
-951
81
963
660
-479
-1250
-1214
-423
956
1506
714
-16
-576
-391
731
978
284
-224
-868
-1272
-1222
-813
-87
400
569
629
670
592
961
937
-33
-684
-581
112
1256
1622
594
-543
-1185
-1292
-792
-64
566
595
-12
-508
-252
284
480
272
-104
30
484
625
523
83
-556
-1141
-1101
-318
656
1291
1067
178
-727
-1404
-1170
442
2090
2418
1185
-101
-799
-1136
-824
-33
550
215
-638
-1024
-1026
-94
1217
1437
792
81
-324
-107
748
684
200
-16
-236
-37
155
7
-18
-541
-1128
-999
-446
520
1611
1187
154
-472
-599
-96
859
809
212
-227
-515
-464
-268
304
916
745
-423
-1080
-994
-89
1439
1981
1241
246
-606
-1260
-951
81
963
660
-479
-1250
-1214
-423
956
1506
714
-16
-576
-391
731
978
284
-224
-179
164
299
-84
-129
-236
-726
-848
-509
400
1607
1440
124
-528
-633
-256
670
1013
586
-78
-844
-1072
-605
190
1186
1171
-1
-1025
-1259
-720
952
2194
1579
528
-412
-1085
-1001
-388
530
784
-44
-747
-1070
-777
442
1414
1002
82
-388
-581
295
959
504
81
21
-101
-56
-69
275
539
-240
-1006
-1016
-216
1059
1471
414
-390
-484
-387
220
913
524
-294
-858
-956
-426
176
1022
1534
591
-639
-1244
-1052
381
1975
1848
610
-425
-1138
-1367
-614
469
1058
537
-426
-854
-623
444
1488
890
-171
-620
-1117
-1206
-624
97
832
1440
1885
1575
435
-564
-791
-633
-218
396
601
298
-205
-741
-1023
-940
-354
517
1301
1235
341
-179
164
299
-84
-129
-236
-726
-848
-509
400
1607
1440
124
-528
-633
-256
670
1013
586
-78
-844
-1072
-605
190
1186
1171
-1
-1025
-1259
-720
952
2194
1579
528
-412
-1085
-1001
-388
530
784
-44
-747
-1070
-777
442
1414
1002
82
-388
-581
295
959
504
81
21
-101
-56
-69
275
539
-240
-1006
-1016
-216
1059
1471
414
-390
-484
-387
220
913
524
-294
-858
-956
-426
176
1022
1534
591
-639
-1244
-1052
381
1975
1848
610
-425
-1138
-1367
-614
469
1058
537
-426
-854
-623
444
1488
890
-171
-620
-1117
-1206
-624
97
832
1440
1885
1575
435
-564
-791
-633
-218
396
601
298
-205
-741
-1023
-940
-354
517
1301
1235
341
-558
-763
-406
386
1465
1861
780
-911
-1926
-1708
-194
1467
1595
369
-737
-1288
-1278
-511
790
1734
1277
-10
-773
-907
-366
816
1328
816
43
-751
-734
282
600
290
-42
-465
-165
368
437
625
257
-625
-1097
-820
289
1634
1446
216
-609
-767
-499
88
352
307
-144
-737
-569
-146
623
1382
913
-199
-914
-1030
-409
1023
1864
1287
121
-775
-1043
-470
269
896
762
-396
-1129
-1186
-545
795
1323
599
-255
-517
-93
960
1061
351
-11
-217
-116
212
73
29
-176
-976
-1108
-496
504
1508
1038
-240
-787
-676
-103
927
1191
732
-53
-903
-961
-225
624
1371
1021
-385
-1220
-1310
-452
1363
2112
1282
62
-807
-1041
-512
136
709
-558
-763
-406
386
1465
1861
780
-911
-1926
-1708
-194
1467
1595
369
-737
-1288
-1278
-511
790
1734
1277
-10
-773
-907
-366
816
1328
816
43
-751
-734
282
600
290
-42
-465
-165
368
437
625
257
-625
-1097
-820
289
1634
1446
216
-609
-767
-499
88
352
307
-144
-737
-569
-146
623
1382
913
-199
-914
-1030
