Gv6d1090_6
0
RAW_AUDIO_STREAM
1600
16
23
84
124
207
275
291
296
136
-37
-133
-88
-40
48
7
-42
-51
50
114
147
115
87
41
34
86
81
89
44
65
-12
-43
-78
-59
-46
77
190
187
158
147
150
184
189
115
-16
-37
-8
9
70
49
60
30
66
103
70
53
76
150
192
296
211
72
-54
15
65
142
112
45
-41
-13
49
67
67
56
65
47
195
188
72
-35
-7
-19
41
54
31
9
40
113
136
105
82
58
21
26
53
42
16
45
55
111
112
111
26
52
160
139
120
83
112
76
114
75
41
40
87
73
89
30
22
-49
0
106
197
144
104
98
112
159
122
23
-79
-41
18
53
95
47
-48
-44
37
149
157
114
58
71
150
150
88
-39
-12
19
81
99
49
26
42
160
231
211
163
86
56
77
141
123
52
20
-16
15
16
16
-29
-22
86
124
134
96
137
94
84
69
67
-3
-16
27
48
54
16
-71
-63
44
120
120
87
162
170
203
186
151
-9
-35
-6
36
137
179
200
131
186
150
56
-61
-48
-8
100
145
155
36
-54
-37
-4
54
42
42
-27
85
198
306
292
212
91
35
29
40
-35
-93
-57
-35
10
-3
33
-16
71
130
176
153
151
102
117
149
170
95
-10
-39
-45
3
-26
7
-10
23
-79
-41
18
53
95
47
-48
-44
37
149
157
114
58
71
150
150
88
-39
-12
19
81
99
49
26
42
160
231
211
163
86
56
77
141
123
52
20
-16
15
16
16
-29
-22
86
124
134
96
137
94
84
69
67
-3
-16
27
48
54
16
-71
-63
44
120
120
87
162
170
203
186
151
-9
-35
-6
36
137
179
200
131
186
150
56
-61
-48
-8
100
145
155
36
-54
-37
-4
54
42
42
-27
85
198
306
292
212
91
35
29
40
-35
-93
-57
-35
10
-3
33
-16
71
130
176
153
151
102
117
149
170
95
-10
-39
-45
3
-26
7
-10
75
102
114
55
100
122
195
223
200
115
-14
-1
12
38
37
3
-52
16
158
182
129
61
18
65
123
194
123
17
6
-2
50
66
66
-74
-73
28
148
151
167
145
119
181
204
176
29
13
-13
21
5
35
-16
-23
27
119
148
193
219
148
128
140
79
16
57
70
95
51
19
-45
-8
48
87
16
-15
17
29
127
183
178
27
15
7
73
69
38
-56
-42
57
163
158
121
68
22
22
13
22
-13
33
139
200
214
191
61
-1
52
161
139
99
69
60
81
127
204
107
85
34
33
8
28
48
56
123
144
89
32
37
36
87
76
75
102
114
55
100
122
195
223
200
115
-14
-1
12
38
37
3
-52
16
158
182
129
61
18
65
123
194
123
17
6
-2
50
66
66
-74
-73
28
148
151
167
145
119
181
204
176
29
13
-13
21
5
35
-16
-23
27
119
148
193
219
148
128
140
79
16
57
70
95
51
19
-45
-8
48
87
16
-15
17
29
127
183
178
27
15
7
73
69
38
-56
-42
57
163
158
121
68
22
22
13
22
-13
33
139
200
214
191
61
-1
52
161
139
99
69
60
81
127
204
107
85
34
33
8
28
48
56
123
144
89
32
37
36
87
76
96
-71
-103
-100
29
88
80
52
7
102
158
182
97
97
116
118
152
121
30
-57
-41
36
90
66
-7
-108
-12
138
230
254
244
170
147
161
148
53
-52
-42
-16
9
49
48
-1
-1
59
93
81
94
98
144
147
176
73
-12
8
38
23
27
-10
-41
28
101
136
81
53
16
60
113
235
272
205
139
120
52
-16
-80
-96
-24
124
141
95
60
12
33
108
192
163
38
-40
-1
91
147
135
36
-19
-16
55
48
115
122
119
127
176
119
73
41
42
39
15
22
-15
0
36
127
142
129
57
27
3
37
59
6
17
63
79
63
38
21
96
-71
-103
-100
29
88
80
52
7
102
158
182
97
97
116
118
152
121
30
-57
-41
36
90
66
-7
-108
-12
138
230
254
244
170
147
161
148
53
-52
-42
-16
9
49
48
-1
-1
59
93
81
94
98
144
147
176
73
-12
8
38
23
27
-10
-41
28
101
136
81
53
16
60
113
235
272
205
139
120
52
-16
-80
-96
-24
124
141
95
60
12
33
108
192
163
38
-40
-1
91
147
135
36
-19
-16
55
48
115
122
119
127
176
119
73
41
42
39
15
22
-15
0
36
127
142
129
57
27
3
37
59
6
17
63
79
63
38
21
83
178
265
184
152
50
22
41
124
103
-5
-30
27
107
75
55
-31
-44
57
194
217
240
167
148
111
155
127
36
-71
-74
-40
5
46
-5
-33
-31
72
102
128
107
117
120
172
190
93
1
-14
-15
-9
48
32
44
39
131
116
109
59
98
107
159
171
89
63
80
66
37
6
-37
-3
48
182
198
155
87
89
95
175
144
26
-80
-71
-4
36
67
36
-16
-42
36
68
112
111
196
249
293
318
145
-50
-110
-78
-67
-20
-96
-118
-111
28
144
218
186
155
99
77
159
182
133
139
131
111
48
9
-30
-56
54
81
93
63
89
79
148
83
178
265
184
152
50
22
41
124
103
-5
-30
27
107
75
55
-31
-44
57
194
217
240
167
148
111
155
127
36
-71
-74
-40
5
46
-5
-33
-31
72
102
128
107
117
120
172
190
93
1
-14
-15
-9
48
32
44
39
131
116
109
59
98
107
159
171
89
63
80
66
37
6
-37
-3
48
182
198
155
87
89
95
175
144
26
-80
-71
-4
36
67
36
-16
-42
36
68
112
111
196
249
293
318
145
-50
-110
-78
-67
-20
-96
-118
-111
28
144
218
186
155
99
77
159
182
133
139
131
111
48
9
-30
-56
54
81
93
63
89
79
148
143
82
-18
-8
38
89
134
81
17
-48
-28
35
77
123
175
194
224
192
120
-48
-24
20
77
67
4
-51
-114
18
115
187
149
116
56
86
183
240
149
48
42
-12
-13
-34
-20
-27
64
104
148
99
102
112
141
162
115
20
-60
-26
17
97
119
159
76
118
130
124
65
71
39
76
87
55
-51
-94
-4
48
91
33
31
-44
46
144
216
192
127
69
51
121
114
29
-50
-26
43
103
135
117
58
16
81
137
115
115
39
48
92
152
104
17
30
17
8
-31
-48
-69
16
176
330
322
312
183
121
51
74
27
-52
-23
-46
-34
-71
-16
143
82
-18
-8
38
89
134
81
17
-48
-28
35
77
123
175
194
224
192
120
-48
-24
20
77
67
4
-51
-114
18
115
187
149
116
56
86
183
240
149
48
42
-12
-13
-34
-20
-27
64
104
148
99
102
112
141
162
115
20
-60
-26
17
97
119
159
76
118
130
124
65
71
39
76
87
55
-51
-94
-4
48
91
33
31
-44
46
144
216
192
127
69
51
121
114
29
-50
-26
43
103
135
117
58
16
81
137
115
115
39
48
92
152
104
17
30
17
8
-31
-48
-69
16
176
330
322
312
183
121
51
74
27
-52
-23
-46
-34
-71
-16
-34
41
165
241
208
152
123
177
252
265
118
-27
-103
-54
-40
-22
-1
-42
-23
38
146
173
176
112
103
133
216
147
49
-3
29
58
26
8
-102
-77
-28
114
151
180
79
28
4
57
56
49
56
62
72
56
38
-41
-21
27
180
168
164
134
137
96
122
48
-27
-37
16
99
96
108
34
27
47
176
123
62
25
21
116
183
173
86
-20
-57
-30
-3
63
112
141
216
324
272
178
60
37
48
106
112
-36
-106
-122
-91
-4
64
73
37
33
124
154
242
206
228
156
154
95
32
-47
-38
5
-2
-19
-72
-87
-44
81
126
96
88
119
158
-34
41
165
241
208
152
123
177
252
265
118
-27
-103
-54
-40
-22
-1
-42
-23
38
146
173
176
112
103
133
216
147
49
-3
29
58
26
8
-102
-77
-28
114
151
180
79
28
4
57
56
49
56
62
72
56
38
-41
-21
27
180
168
164
134
137
96
122
48
-27
-37
