Gv7c1056_4
0
RAW_AUDIO_STREAM
1600
46
44
31
54
88
24
69
76
23
65
33
-8
69
46
62
104
68
106
12
-17
70
48
54
56
22
56
95
80
48
52
88
67
92
114
60
35
88
112
74
48
49
30
-9
57
89
88
131
63
60
96
46
69
53
19
60
25
39
88
19
17
50
13
30
69
59
44
57
47
46
55
78
83
29
55
60
52
71
58
45
78
109
134
112
87
98
46
24
32
4
16
60
71
38
49
80
46
4
40
49
57
88
86
45
66
54
43
67
58
103
132
48
73
94
61
93
27
11
116
92
11
2
44
80
85
46
54
45
45
94
84
87
97
76
138
126
24
43
28
8
-1
25
26
-12
19
109
102
82
139
157
127
82
13
-15
35
92
72
2
25
49
70
95
24
24
64
72
75
42
45
24
37
42
22
31
59
31
-5
44
78
52
53
61
105
123
118
143
159
121
92
26
18
48
43
86
67
46
111
111
79
77
87
99
45
36
23
24
78
77
27
62
104
95
91
44
19
28
54
68
20
-31
20
29
9
43
44
-17
-14
30
19
42
60
63
125
117
91
104
79
63
116
68
-9
0
59
83
44
45
63
76
179
177
72
54
87
80
36
-4
-16
94
84
87
97
76
138
126
24
43
28
8
-1
25
26
-12
19
109
102
82
139
157
127
82
13
-15
35
92
72
2
25
49
70
95
24
24
64
72
75
42
45
24
37
42
22
31
59
31
-5
44
78
52
53
61
105
123
118
143
159
121
92
26
18
48
43
86
67
46
111
111
79
77
87
99
45
36
23
24
78
77
27
62
104
95
91
44
19
28
54
68
20
-31
20
29
9
43
44
-17
-14
30
19
42
60
63
125
117
91
104
79
63
116
68
-9
0
59
83
44
45
63
76
179
177
72
54
87
80
36
-4
-16
14
51
97
54
14
80
47
76
71
8
80
89
65
53
34
71
61
38
89
39
10
78
89
72
73
87
92
108
63
40
71
89
90
70
39
0
19
55
38
30
95
97
108
154
94
15
43
59
31
4
5
-32
-24
56
119
90
90
115
110
92
47
24
4
33
50
17
47
70
34
0
31
68
108
86
100
114
86
59
74
63
35
17
48
39
21
47
25
38
59
85
119
111
87
123
126
111
33
-4
47
85
65
63
65
40
66
60
39
95
90
41
33
-1
20
58
85
65
17
34
79
72
46
24
1
99
142
92
69
13
14
51
97
54
14
80
47
76
71
8
80
89
65
53
34
71
61
38
89
39
10
78
89
72
73
87
92
108
63
40
71
89
90
70
39
0
19
55
38
30
95
97
108
154
94
15
43
59
31
4
5
-32
-24
56
119
90
90
115
110
92
47
24
4
33
50
17
47
70
34
0
31
68
108
86
100
114
86
59
74
63
35
17
48
39
21
47
25
38
59
85
119
111
87
123
126
111
33
-4
47
85
65
63
65
40
66
60
39
95
90
41
33
-1
20
58
85
65
17
34
79
72
46
24
1
99
142
92
69
13
39
73
64
58
35
61
62
26
47
59
61
124
92
23
60
73
73
71
47
44
70
102
51
14
56
97
80
58
108
96
72
77
19
-17
42
48
57
59
33
-3
31
76
72
63
81
121
108
71
58
36
44
91
101
47
56
98
96
75
25
38
52
14
28
70
29
39
74
71
120
116
58
35
28
74
87
100
114
118
55
53
80
52
22
45
21
-9
-3
50
102
92
133
118
47
69
76
67
102
19
-11
64
68
42
39
58
78
119
99
60
45
60
35
13
20
19
15
35
70
72
63
62
69
93
37
7
63
87
64
113
39
73
64
58
35
61
62
26
47
59
61
124
92
23
60
73
73
71
47
44
70
102
51
14
56
97
80
58
108
96
72
77
19
-17
42
48
57
59
33
-3
31
76
72
63
81
121
108
71
58
36
44
91
101
47
56
98
96
75
25
38
52
14
28
70
29
39
74
71
120
116
58
35
28
74
87
100
114
118
55
53
80
52
22
45
21
-9
-3
50
102
92
133
118
47
69
76
67
102
19
-11
64
68
42
39
58
78
119
99
60
45
60
35
13
20
19
15
35
70
72
63
62
69
93
37
7
63
87
64
113
71
5
9
66
64
30
65
85
71
66
19
36
138
128
28
34
71
69
92
87
19
7
39
28
6
38
63
98
108
97
62
11
6
25
47
23
-51
32
82
53
126
149
100
115
125
55
30
47
47
72
82
46
76
96
69
119
134
103
103
69
61
39
20
54
13
26
98
76
43
41
19
30
52
5
4
80
95
102
115
31
-4
35
58
28
28
47
44
69
97
80
121
126
74
64
64
22
27
80
47
76
89
16
31
63
3
35
94
87
87
73
63
54
53
94
85
94
123
37
39
92
74
100
58
3
66
113
92
103
71
5
9
66
64
30
65
85
71
66
19
36
138
128
28
34
71
69
92
87
19
7
39
28
6
38
63
98
108
97
62
11
6
25
47
23
-51
32
82
53
126
149
100
115
125
55
30
47
47
72
82
46
76
96
69
119
134
103
103
69
61
39
20
54
13
26
98
76
43
41
19
30
52
5
4
80
95
102
115
31
-4
35
58
28
28
47
44
69
97
80
121
126
74
64
64
22
27
80
47
76
89
16
31
63
3
35
94
87
87
73
63
54
53
94
85
94
123
37
39
92
74
100
58
3
66
113
92
103
102
63
77
30
-58
-16
28
50
114
109
55
72
46
53
71
35
-1
36
89
78
25
-4
20
79
117
110
61
54
31
-50
-23
-12
-36
48
79
96
172
142
80
60
92
128
82
17
-30
-9
72
123
142
95
56
79
80
0
-12
14
27
85
63
15
42
44
69
103
38
28
59
36
44
51
95
124
63
79
116
95
92
65
-14
-4
69
-1
-35
43
82
132
189
171
148
92
35
46
34
-2
-5
51
114
110
73
88
115
110
94
85
35
17
0
-6
-10
-51
23
86
51
130
123
39
49
21
17
101
-1
-46
48
69
112
108
86
125
102
63
77
30
-58
-16
28
50
114
109
55
72
46
53
71
35
-1
36
89
78
25
-4
20
79
117
110
61
54
31
-50
-23
-12
-36
48
79
96
172
142
80
60
92
128
82
17
-30
-9
72
123
142
95
56
79
80
0
-12
14
27
85
63
15
42
44
69
103
38
28
59
36
44
51
95
124
63
79
116
95
92
65
-14
-4
69
-1
-35
43
82
132
189
171
148
92
35
46
34
-2
-5
51
114
110
73
88
115
110
94
85
35
17
0
-6
-10
-51
23
86
51
130
123
39
49
21
17
101
-1
-46
48
69
112
108
86
125
72
35
8
-24
45
91
128
151
92
138
179
101
19
-7
18
28
73
54
37
77
140
162
133
66
1
41
25
-20
5
-2
20
25
17
126
141
92
97
85
39
-3
8
-18
-41
-2
89
103
98
61
16
32
24
41
59
34
78
164
147
66
40
105
143
129
142
81
78
63
-1
2
88
71
12
35
56
60
66
45
27
27
-3
-5
58
43
85
189
152
80
79
27
18
16
-8
5
56
72
93
146
148
120
123
124
49
35
39
-24
-19
22
40
88
81
31
86
86
105
124
39
-2
24
46
20
63
74
87
146
134
25
16
6
-4
72
35
8
-24
45
91
128
151
92
138
179
101
19
-7
18
28
73
54
37
77
140
162
133
66
1
41
25
-20
5
-2
20
25
17
126
141
92
97
85
39
-3
8
-18
-41
-2
89
103
98
61
16
32
24
41
59
34
78
164
147
66
40
105
143
129
142
81
