Gv7c1056_178
0
RAW_AUDIO_STREAM
1600
78
46
30
10
-10
-9
-9
-9
8
22
46
72
85
100
105
87
58
58
51
57
45
56
84
90
104
121
132
111
96
76
55
26
1
-11
-9
12
29
62
66
71
84
92
95
113
102
79
68
29
16
6
1
23
53
88
79
61
88
105
93
88
85
52
41
47
56
69
63
63
72
71
66
70
82
78
75
44
-3
-32
-46
-37
-28
-1
37
73
104
119
132
143
140
136
121
89
61
31
-3
-12
-14
11
35
60
80
90
110
112
124
107
87
79
50
21
23
28
24
38
67
98
117
142
153
155
142
107
67
27
-4
-33
-26
-18
-2
21
35
51
66
63
72
49
20
16
-4
4
16
24
55
83
119
139
138
109
98
99
78
66
50
20
15
12
3
8
31
71
100
116
98
99
102
77
64
41
-1
13
34
35
60
87
95
90
95
88
93
102
82
59
30
23
25
5
10
39
50
53
64
62
83
108
101
113
91
68
39
2
8
4
8
48
64
84
111
134
142
148
131
103
89
52
26
-18
-28
-16
-9
30
44
57
78
93
126
107
95
78
20
10
-7
-9
-8
9
63
97
114
122
124
119
118
99
81
54
16
4
-7
-4
-4
10
35
66
80
73
71
83
-2
21
35
51
66
63
72
49
20
16
-4
4
16
24
55
83
119
139
138
109
98
99
78
66
50
20
15
12
3
8
31
71
100
116
98
99
102
77
64
41
-1
13
34
35
60
87
95
90
95
88
93
102
82
59
30
23
25
5
10
39
50
53
64
62
83
108
101
113
91
68
39
2
8
4
8
48
64
84
111
134
142
148
131
103
89
52
26
-18
-28
-16
-9
30
44
57
78
93
126
107
95
78
20
10
-7
-9
-8
9
63
97
114
122
124
119
118
99
81
54
16
4
-7
-4
-4
10
35
66
80
73
71
83
81
80
64
37
18
6
15
35
71
115
126
124
109
96
66
45
31
19
16
19
9
2
17
30
59
73
75
108
111
115
136
117
96
86
66
54
48
42
39
60
71
56
72
77
71
73
65
57
58
72
64
44
22
43
58
76
79
83
95
93
76
56
40
25
32
2
-1
15
36
46
70
86
90
115
130
122
111
75
54
33
18
27
35
37
56
52
73
103
98
93
67
28
10
-5
-11
-22
-21
4
37
64
82
96
110
114
116
95
82
57
40
21
10
16
18
9
33
76
85
119
113
108
98
85
58
34
17
11
19
5
81
80
64
37
18
6
15
35
71
115
126
124
109
96
66
45
31
19
16
19
9
2
17
30
59
73
75
108
111
115
136
117
96
86
66
54
48
42
39
60
71
56
72
77
71
73
65
57
58
72
64
44
22
43
58
76
79
83
95
93
76
56
40
25
32
2
-1
15
36
46
70
86
90
115
130
122
111
75
54
33
18
27
35
37
56
52
73
103
98
93
67
28
10
-5
-11
-22
-21
4
37
64
82
96
110
114
116
95
82
57
40
21
10
16
18
9
33
76
85
119
113
108
98
85
58
34
17
11
19
5
12
27
41
78
112
129
132
140
107
105
100
100
88
73
68
64
49
40
34
11
11
23
34
36
50
59
52
55
40
33
41
58
78
94
100
95
81
66
52
61
56
69
53
41
43
46
51
63
71
77
87
92
80
71
58
74
79
69
60
22
1
5
26
19
35
63
72
66
81
62
57
72
47
56
52
67
88
103
108
124
107
86
80
67
44
56
31
11
-1
9
32
40
80
90
97
117
109
91
58
58
76
71
70
62
58
35
49
53
56
64
63
55
28
20
18
17
35
53
52
60
50
38
39
58
71
78
93
104
12
27
41
78
112
129
132
140
107
105
100
100
88
73
68
64
49
40
34
11
11
23
34
36
50
59
52
55
40
33
41
58
78
94
100
95
81
66
52
61
56
69
53
41
43
46
51
63
71
77
87
92
80
71
58
74
79
69
60
22
1
5
26
19
35
63
72
66
81
62
57
72
47
56
52
67
88
103
108
124
107
86
80
67
44
56
31
11
-1
9
32
40
80
90
97
117
109
91
58
58
76
71
70
62
58
35
49
53
56
64
63
55
28
20
18
17
35
53
52
60
50
38
39
58
71
78
93
104
82
66
53
76
63
57
43
20
26
40
38
27
32
53
80
80
79
74
88
88
80
58
32
34
52
71
84
71
75
85
57
44
32
53
63
52
53
52
64
71
93
116
115
118
89
49
46
57
74
66
46
26
7
28
55
46
51
62
63
54
53
58
53
65
65
54
68
80
90
88
88
95
66
47
30
7
11
-6
-5
16
36
84
82
74
83
76
80
77
68
73
78
72
55
56
54
56
58
54
45
54
73
70
66
57
58
56
50
29
26
61
63
63
64
63
46
56
80
89
112
116
101
70
41
40
31
45
59
57
82
66
53
76
63
57
43
20
26
40
38
27
32
53
80
80
79
74
88
88
80
58
32
34
52
71
84
71
75
85
57
44
32
53
63
52
53
52
64
71
93
116
115
118
89
49
46
57
74
66
46
26
7
28
55
46
51
62
63
54
53
58
53
65
65
54
68
80
90
88
88
95
66
47
30
7
11
-6
-5
16
36
84
82
74
83
76
80
77
68
73
78
72
55
56
54
56
58
54
45
54
73
70
66
57
58
56
50
29
26
61
63
63
64
63
46
56
80
89
112
116
101
70
41
40
31
45
59
57
51
66
61
44
48
66
68
66
50
41
57
77
82
89
84
78
59
55
53
61
82
98
104
70
35
11
20
26
38
50
43
43
67
63
80
105
110
96
78
71
51
52
47
40
45
46
57
45
38
58
51
35
32
8
9
20
27
50
72
92
104
107
111
109
112
103
90
73
48
37
21
-6
4
11
28
44
64
61
68
87
90
92
91
72
52
35
49
87
90
102
102
108
98
89
80
81
70
78
79
44
37
13
12
30
28
27
31
28
45
53
62
86
93
110
103
92
64
53
43
7
0
0
11
18
40
60
66
71
51
66
61
44
48
66
68
66
50
41
57
77
82
89
84
78
59
55
53
61
82
98
104
70
35
11
20
26
38
50
43
43
67
63
80
105
110
96
78
71
51
52
47
40
45
46
57
45
38
58
51
35
32
8
9
20
27
50
72
92
104
107
111
109
112
103
90
73
48
37
21
-6
4
11
28
44
64
61
68
87
90
92
91
72
52
35
49
87
90
102
102
108
98
89
80
81
70
78
79
44
37
13
12
30
28
27
31
28
45
53
62
86
93
110
103
92
64
53
43
7
0
0
11
18
40
60
66
71
82
87
97
109
101
70
59
68
60
76
75
67
67
59
60
44
45
39
49
45
58
54
40
55
69
73
82
89
88
83
83
65
57
58
55
57
57
62
60
60
62
50
42
15
9
0
-19
-19
-16
-8
12
43
64
99
110
125
118
86
90
72
45
31
20
3
16
38
57
81
92
108
106
96
95
87
78
91
70
52
43
39
52
54
57
80
89
71
79
67
79
84
82
74
27
26
19
-1
17
6
12
45
42
44
67
77
100
95
95
84
59
57
51
42
47
59
40
45
47
69
81
87
93
81
67
50
38
28
42
65
82
87
97
109
101
70
59
68
60
76
75
67
67
59
60
44
45
39
49
45
58
54
40
55
69
73
82
89
88
83
83
65
57
58
55
57
57
62
60
60
62
50
42
15
9
0
-19
-19
-16
-8
12
43
64
99
110
125
118
86
90
72
45
31
20
3
