Gv8c1220_99
8
RAW_AUDIO_STREAM
1600
926
-249
-881
-579
-152
22
243
505
542
287
-15
-242
-277
-47
25
-73
-241
-511
-551
-52
212
172
143
-96
211
779
535
20
-23
-125
-564
-820
-685
-153
199
148
283
471
-24
-205
341
981
1318
992
436
26
-128
-67
-445
-690
196
809
466
19
-399
-156
85
-134
24
11
-234
-388
-573
-304
301
335
231
361
355
360
0
-306
-147
-58
-60
-512
-316
566
251
65
572
293
235
399
127
513
1104
899
142
-408
-39
249
-65
-62
505
733
487
-55
-466
-242
-69
-39
-296
-176
399
68
-222
71
-321
-357
-135
-390
-172
-40
-386
-61
734
1333
850
-441
-675
-2
10
-3
554
753
123
-640
-279
717
875
626
151
-73
-255
-530
58
760
816
307
-132
-109
-285
-308
90
167
16
-154
-188
-61
79
-7
-163
-74
-193
-194
228
374
-86
-349
60
471
-92
-1154
-569
708
737
372
508
558
291
99
207
446
689
756
-10
-558
27
482
487
308
19
74
83
-183
-396
-202
6
-156
-486
-547
-364
-48
132
-91
-158
-286
-176
547
490
-183
-217
324
695
215
-758
-534
592
504
193
654
524
-104
-428
-134
877
1598
951
-101
-327
-162
-357
-168
289
639
658
166
-289
-374
-129
186
80
-560
-595
-11
190
110
-288
-455
-344
0
736
886
238
186
50
-690
-567
-518
-377
296
355
700
1160
748
-279
717
875
626
151
-73
-255
-530
58
760
816
307
-132
-109
-285
-308
90
167
16
-154
-188
-61
79
-7
-163
-74
-193
-194
228
374
-86
-349
60
471
-92
-1154
-569
708
737
372
508
558
291
99
207
446
689
756
-10
-558
27
482
487
308
19
74
83
-183
-396
-202
6
-156
-486
-547
-364
-48
132
-91
-158
-286
-176
547
490
-183
-217
324
695
215
-758
-534
592
504
193
654
524
-104
-428
-134
877
1598
951
-101
-327
-162
-357
-168
289
639
658
166
-289
-374
-129
186
80
-560
-595
-11
190
110
-288
-455
-344
0
736
886
238
186
50
-690
-567
-518
-377
296
355
700
1160
748
-131
-484
267
676
324
372
656
530
-309
-795
-154
520
691
533
300
102
-206
-448
-160
285
-38
-633
-645
-64
23
-221
-19
229
423
690
324
-235
59
-34
-356
-443
-659
-31
159
-277
270
681
335
78
-34
148
442
523
711
710
400
-1
-380
-156
170
74
347
626
349
17
-24
306
370
64
-424
-735
-490
-338
-68
276
280
262
-258
-323
549
528
-271
-443
-512
-369
-225
-594
39
880
469
145
177
197
123
-1
152
722
1080
784
340
202
-1
-221
164
332
333
528
198
-359
-340
-13
-149
-522
-473
-130
-164
85
290
68
88
-282
-303
552
726
-169
-435
-77
170
-140
-803
-292
765
701
-131
-484
267
676
324
372
656
530
-309
-795
-154
520
691
533
300
102
-206
-448
-160
285
-38
-633
-645
-64
23
-221
-19
229
423
690
324
-235
59
-34
-356
-443
-659
-31
159
-277
270
681
335
78
-34
148
442
523
711
710
400
-1
-380
-156
170
74
347
626
349
17
-24
306
370
64
-424
-735
-490
-338
-68
276
280
262
-258
-323
549
528
-271
-443
-512
-369
-225
-594
39
880
469
145
177
197
123
-1
152
722
1080
784
340
202
-1
-221
164
332
333
528
198
-359
-340
-13
-149
-522
-473
-130
-164
85
290
68
88
-282
-303
552
726
-169
-435
-77
170
-140
-803
-292
765
701
116
58
281
-1
-517
-261
691
1324
988
170
-44
-143
-541
-131
832
1128
547
-37
-52
-36
40
-55
-229
-453
-638
-404
-292
168
569
163
-128
-202
58
793
807
-164
-620
-578
-318
-516
-1104
-154
828
287
199
531
583
631
414
238
431
616
558
126
-22
113
76
254
297
235
227
183
-27
-367
-448
-307
-516
-585
-67
38
0
203
5
-155
-256
-157
369
543
11
-112
461
699
154
-1023
-1121
119
604
620
819
532
293
216
31
295
710
641
149
-161
95
108
136
475
282
107
-42
-404
-185
351
440
80
-465
-417
26
-301
-545
-244
-101
93
0
-194
422
775
118
-46
405
152
-654
-1325
116
58
281
-1
-517
-261
691
1324
988
170
-44
-143
-541
-131
832
1128
547
-37
-52
-36
40
-55
-229
-453
-638
-404
-292
168
569
163
-128
-202
58
793
807
-164
-620
-578
-318
-516
-1104
-154
828
287
199
531
583
631
414
238
431
616
558
126
-22
113
76
254
297
235
227
183
-27
-367
-448
-307
-516
-585
-67
38
0
203
5
-155
-256
-157
369
543
11
-112
461
699
154
-1023
-1121
119
604
620
819
532
293
216
31
295
710
641
149
-161
95
108
136
475
282
107
-42
-404
-185
351
440
80
-465
-417
26
-301
-545
-244
-101
93
0
-194
422
775
118
-46
405
152
-654
-1325
-805
291
390
504
735
486
337
354
266
297
647
680
294
148
-28
-286
-1
532
563
159
-187
-209
-84
6
168
90
-256
-485
-313
-187
-279
58
486
298
-125
-256
123
263
-342
-454
-58
383
399
-480
-341
721
685
115
240
387
125
-124
92
491
661
761
380
-165
-86
-113
-58
535
664
140
-103
146
-29
-329
-320
-579
-587
-78
-75
-418
-146
193
314
288
-105
-161
293
357
-8
-149
-295
-284
-211
-180
574
759
134
314
502
46
-177
148
661
797
469
271
195
22
-64
55
71
302
397
-8
-59
-135
-79
352
0
-542
-571
-407
91
291
-17
298
519
19
-140
240
344
201
-277
-793
-805
291
390
504
735
486
337
354
266
297
647
680
294
148
-28
-286
-1
532
563
159
-187
-209
-84
6
168
90
-256
-485
-313
-187
-279
58
486
298
-125
-256
123
263
-342
-454
-58
383
399
-480
-341
721
685
115
240
387
125
-124
92
491
661
761
380
-165
-86
-113
-58
535
664
140
-103
146
-29
-329
-320
-579
-587
-78
-75
-418
-146
193
314
288
-105
-161
293
357
-8
-149
-295
-284
-211
-180
574
759
134
314
502
46
-177
148
661
797
469
271
195
22
-64
55
71
302
397
-8
-59
-135
-79
352
0
-542
-571
-407
91
291
-17
298
519
19
-140
240
344
201
-277
-793
-287
-260
-716
-128
543
887
1047
467
154
130
-195
-123
431
750
759
375
-167
-200
-87
-58
326
633
291
-336
-515
-19
445
269
47
-62
-384
-288
-52
-303
30
443
-8
-369
-533
-334
369
186
-368
376
597
-304
-1
407
338
617
684
169
-511
-539
179
637
829
821
283
-34
-37
-122
-52
-126
111
791
478
-366
-384
-50
3
-212
-487
-256
249
457
224
-44
-399
-666
-340
-55
550
1095
520
-287
-581
-418
-350
-76
208
225
532
693
250
-207
-147
95
347
520
658
682
124
-320
-7
455
787
732
-65
-510
-250
105
371
430
124
-498
-705
-367
-170
-503
-901
-299
245
185
178
141
332
634
-287
-260
-716
-128
543
887
1047
467
154
130
-195
-123
431
750
759
375
-167
-200
-87
-58
326
633
291
-336
-515
-19
445
269
47
-62
-384
-288
-52
-303
30
443
-8
-369
-533
-334
369
186
-368
376
597
-304
-1
407
338
617
684
169
-511
-539
179
637
829
821
283
-34
-37
-122
-52
-126
111
791
478
-366
-384
-50
3
-212
-487
-256
249
457
224
-44
-399
-666
-340
-55
550
1095
520
-287
-581
-418
-350
-76
208
225
532
693
250
-207
-147
95
347
520
658
682
124
-320
-7
455
787
732
-65
-510
-250
105
371
430
124
-498
-705
-367
-170
-503
-901
-299
245
185
178
141
332
634
311
-372
-1
361
-314
-510
-99
328
539
95
-22
536
857
666
217
164
357
29
-53
112
129
126
-94
304
708
-27
-358
118
416
233
-337
-944
-786
-397
-446
-299
319
653
675
476
-145
-190
490
498
127
41
-379
-521
-471
-385
542
1078
578
14
-229
-384
-216
334
700
808
899
535
-209
-343
-89
-38
400
700
287
-49
-239
-188
390
460
-253
-890
-844
-596
-559
10
507
440
611
406
36
263
55
-253
308
303
-274
-820
-1064
105
1045
681
670
407
-28
-1
-1
508
756
247
215
117
-265
18
47
62
664
559
14
-297
-488
-124
178
-196
-328
-191
-341
-593
-389
-168
112
383
206
366
311
-372
-1
361
-314
-510
-99
328
539
95
-22
536
857
666
217
164
357
29
-53
112
129
126
-94
304
708
-27
-358
118
416
233
-337
-944
-786
-397
-446
-299
319
653
675
476
-145
-190
490
498
127
41
-379
-521
-471
-385
542
1078
578
14
-229
-384
-216
334
700
808
899
535
-209
-343
