Gv8c1220_180
8
RAW_AUDIO_STREAM
1600
300
1253
1723
429
-551
-115
159
-36
33
-210
-825
-726
28
533
632
436
-155
-335
242
506
119
-356
-603
-836
-583
23
559
669
740
989
637
-421
-1065
-1034
-399
390
191
-532
-321
-38
286
743
275
-262
379
838
815
454
115
668
1097
553
183
316
223
100
-323
-1010
-1104
-746
-297
8
159
69
-36
254
800
852
347
174
-179
-1240
-1510
-706
163
1045
1694
1186
161
-122
185
26
-164
-825
-1390
-675
78
199
623
687
-161
64
983
164
-572
-201
503
1338
1297
371
276
765
1262
741
-980
-1731
-1324
-400
388
222
-17
139
278
780
1174
378
-255
-361
-715
-650
-388
-727
-673
52
914
1131
295
-279
-233
-373
-9
285
-89
64
188
-277
-194
207
106
464
844
114
124
551
530
794
567
-161
-54
543
718
189
-658
-952
-711
-374
-24
-211
-438
0
786
1358
1223
295
-556
-566
119
429
-74
-924
-1360
-882
564
1340
997
228
-625
-715
91
378
-1
-8
69
-318
-369
16
-1
293
1013
470
69
560
497
561
647
211
795
1307
777
107
-713
-709
-263
-538
-507
-212
-348
-409
-164
264
251
-174
-80
322
244
28
216
24
-424
-710
-522
-80
289
440
285
-251
293
1317
799
-40
-409
-926
-686
255
269
-211
109
387
450
1199
916
387
887
808
337
405
117
-301
-381
-489
-399
-392
-489
-50
468
448
-233
-373
-9
285
-89
64
188
-277
-194
207
106
464
844
114
124
551
530
794
567
-161
-54
543
718
189
-658
-952
-711
-374
-24
-211
-438
0
786
1358
1223
295
-556
-566
119
429
-74
-924
-1360
-882
564
1340
997
228
-625
-715
91
378
-1
-8
69
-318
-369
16
-1
293
1013
470
69
560
497
561
647
211
795
1307
777
107
-713
-709
-263
-538
-507
-212
-348
-409
-164
264
251
-174
-80
322
244
28
216
24
-424
-710
-522
-80
289
440
285
-251
293
1317
799
-40
-409
-926
-686
255
269
-211
109
387
450
1199
916
387
887
808
337
405
117
-301
-381
-489
-399
-392
-489
-50
468
448
-228
-809
-549
228
800
726
207
30
125
-141
-518
-628
-361
134
321
93
-162
-624
-592
510
879
634
516
-83
-943
-835
-262
301
1090
956
388
722
1083
1347
1387
423
-470
-256
9
-274
-429
-569
-600
-256
18
-118
-260
8
-63
-445
-262
153
165
256
140
-236
51
411
213
23
-300
-280
239
530
254
-275
-429
13
310
507
747
143
-292
-246
-521
-58
823
682
415
700
652
851
922
21
-323
165
376
6
-585
-931
-598
60
418
18
-514
-92
465
176
-4
-86
-170
252
495
-93
-628
-372
-66
-32
67
64
22
1
-79
125
318
71
0
-12
184
630
292
-211
-206
-14
501
653
456
140
-228
-809
-549
228
800
726
207
30
125
-141
-518
-628
-361
134
321
93
-162
-624
-592
510
879
634
516
-83
-943
-835
-262
301
1090
956
388
722
1083
1347
1387
423
-470
-256
9
-274
-429
-569
-600
-256
18
-118
-260
8
-63
-445
-262
153
165
256
140
-236
51
411
213
23
-300
-280
239
530
254
-275
-429
13
310
507
747
143
-292
-246
-521
-58
823
682
415
700
652
851
922
21
-323
165
376
6
-585
-931
-598
60
418
18
-514
-92
465
176
-4
-86
-170
252
495
-93
-628
-372
-66
-32
67
64
22
1
-79
125
318
71
0
-12
184
630
292
-211
-206
-14
501
653
456
140
-28
278
891
1099
780
250
-288
-309
-66
56
-71
-490
-696
-477
-253
95
650
766
350
41
-68
-244
10
198
-632
-1136
-463
-116
-395
-77
533
746
783
416
-317
-652
-540
-176
266
507
670
394
-591
-838
-185
644
1682
1598
569
223
177
337
1003
773
119
-401
-882
-472
78
97
-74
-540
-423
-264
-636
-349
274
455
456
633
783
666
194
-467
-859
-845
-512
-328
-191
131
382
376
460
495
168
343
511
-315
-443
-108
-265
-25
307
263
360
622
334
27
174
420
939
1149
471
-422
-660
-50
532
253
-368
-433
-281
-138
447
378
-383
-469
-320
-4
524
385
216
-35
-726
-842
-755
-405
802
1327
-28
278
891
1099
780
250
-288
-309
-66
56
-71
-490
-696
-477
-253
95
650
766
350
41
-68
-244
10
198
-632
-1136
-463
-116
-395
-77
533
746
783
416
-317
-652
-540
-176
266
507
670
394
-591
-838
-185
644
1682
1598
569
223
177
337
1003
773
119
-401
-882
-472
78
97
-74
-540
-423
-264
-636
-349
274
455
456
633
783
666
194
-467
-859
-845
-512
-328
-191
131
382
376
460
495
168
343
511
-315
-443
-108
-265
-25
307
263
360
622
334
27
174
420
939
1149
471
-422
-660
-50
532
253
-368
-433
-281
-138
447
378
-383
-469
-320
-4
524
385
216
-35
-726
-842
-755
-405
802
1327
439
-511
-650
-320
490
940
214
-182
-257
-159
213
-99
-15
299
455
486
427
511
601
546
82
-62
608
1239
1052
8
-765
-429
-16
118
42
-510
-731
-608
-445
-54
267
255
152
231
261
47
-283
-603
-790
-695
-252
344
686
684
567
670
458
578
461
-569
-937
-517
-322
342
783
377
-56
-176
-32
623
1268
651
-67
-271
55
1045
1448
744
-412
-1146
-640
421
638
102
-659
-1119
-733
-145
194
412
486
215
-59
-22
88
-66
-426
-454
-203
39
214
359
507
475
111
-85
-81
-438
-510
-142
270
508
840
346
-229
151
312
-19
53
129
-57
16
363
1016
1752
1311
88
-468
-199
454
376
-548
439
-511
-650
-320
490
940
214
-182
-257
-159
213
-99
-15
299
455
486
427
511
601
546
82
-62
608
1239
1052
8
-765
-429
-16
118
42
-510
-731
-608
-445
-54
267
255
152
231
261
47
-283
-603
-790
-695
-252
344
686
684
567
670
458
578
461
-569
-937
-517
-322
342
783
377
-56
-176
-32
623
1268
651
-67
-271
55
1045
1448
744
-412
-1146
-640
421
638
102
-659
-1119
-733
-145
194
412
486
215
-59
-22
88
-66
-426
-454
-203
39
214
359
507
475
111
-85
-81
-438
-510
-142
270
508
840
346
-229
151
312
-19
53
129
-57
16
363
1016
1752
1311
88
-468
-199
454
376
-548
-1122
-1111
-798
-31
388
295
215
112
254
400
-139
-396
18
-72
-533
-318
329
855
1045
475
-537
-779
-337
-370
-702
-420
174
389
544
840
581
424
100
-640
-582
581
1127
654
111
53
988
1670
1026
69
-382
-46
453
262
-604
-1451
-1457
-657
121
272
33
156
118
-123
-93
194
46
-395
-592
-222
264
494
440
488
721
566
-79
-503
-395
383
469
-171
-420
-77
356
332
519
211
-980
-600
580
123
-169
34
449
1707
1773
544
-280
-302
392
851
397
-166
-606
-902
-642
-202
127
481
445
-80
-321
-327
-522
-426
-428
-534
-259
223
314
90
-45
4
336
868
889
707
362
-285
-294
-186
62
616
-1122
-1111
-798
-31
388
295
215
112
254
400
-139
-396
18
-72
-533
-318
329
855
1045
475
-537
-779
-337
-370
-702
-420
174
389
544
840
581
424
100
-640
-582
581
1127
654
111
53
988
1670
1026
69
-382
-46
453
262
-604
-1451
-1457
-657
121
272
33
156
118
-123
-93
194
46
-395
-592
-222
264
494
440
488
721
566
-79
-503
-395
383
469
-171
-420
-77
356
332
519
211
-980
-600
580
123
-169
34
449
1707
1773
544
-280
-302
392
851
397
-166
-606
-902
-642
-202
127
481
445
-80
-321
-327
-522
-426
-428
-534
-259
223
314
90
-45
4
336
868
889
707
362
-285
-294
-186
62
616
396
-49
-206
-408
-258
227
166
-420
-460
349
914
714
79
-30
844
1430
944
-146
-1028
-1060
-279
436
747
612
23
-487
-475
-314
-366
-28
328
261
-107
-439
-278
-241
-262
519
552
205
733
755
-283
-555
-37
11
-57
234
391
275
255
-11
-346
147
317
-339
-354
46
661
1527
1150
-156
-644
-323
486
763
-60
-672
-681
-329
313
175
-336
-112
0
-182
143
441
575
825
490
-359
-684
-469
-339
117
704
538
-62
-318
-233
-309
-607
89
330
-34
379
717
455
478
-42
-598
124
365
-256
-300
69
1037
2039
1481
284
-307
-239
414
428
-890
-1602
-1032
-91
719
650
126
-73
-280
-564
-378
-317
0
396
-49
-206
-408
-258
227
166
-420
-460
349
914
714
79
-30
844
1430
944
-146
-1028
-1060
-279
436
747
612
23
-487
-475
-314
-366
-28
328
261
-107
-439
-278
-241
-262
519
552
205
733
755
-283
-555
-37
11
-57
234
391
275
255
-11
-346
147
317
-339
-354
46
661
1527
1150
-156
-644
-323
