Gv9d1126_58
9
RAW_AUDIO_STREAM
1600
1341
2489
2824
2322
1375
184
-1050
-1591
-1162
318
1878
2810
1951
-455
-2505
-3354
-2980
-1966
-888
199
1164
2060
2543
2202
1116
-545
-1636
-1920
-634
592
1949
2494
2234
276
-1681
-2192
-1900
-1977
-1248
-196
853
1692
1782
1855
836
-414
-1606
-2192
-1261
316
1710
2326
1700
97
-1561
-1614
-1313
-1050
-549
376
1988
2724
2553
1655
-128
-1763
-2288
-2025
-874
409
1526
1877
1039
-1413
-2759
-2525
-1461
-526
849
1922
2036
2340
2258
1467
-176
-1422
-1562
-452
637
1729
2020
674
-1440
-2872
-3207
-2199
-1534
-281
406
881
1903
2192
2440
1703
-425
-1881
-1675
-573
781
1439
2168
1855
1106
-751
-2392
-3008
-2636
-1804
-882
504
1704
2033
1540
1089
259
-986
-1842
-1349
204
1940
2495
2050
183
-1693
-2086
-1065
-397
599
1358
1610
1527
1520
1137
-15
-1450
-2146
-1932
-427
1772
3207
3006
1136
-1364
-2853
-2897
-2419
-964
488
1783
2689
2821
2768
2420
584
-1322
-2146
-2360
-1328
470
1984
2392
971
-961
-2409
-2655
-1697
-684
318
789
1249
1525
2271
1888
689
-825
-1829
-986
553
2047
3096
2784
758
-1932
-3436
-3195
-2298
-861
646
2030
2491
2375
1552
572
-264
-1185
-1995
-1286
477
2166
3256
2499
380
-2141
-2920
-2645
-1872
-938
272
833
1254
1780
1948
1198
-299
-2196
-2825
-1631
629
2136
2859
2383
858
-1560
-2716
-2779
-2517
-616
465
1845
2537
2209
1718
341
-1026
-2111
-2446
-1660
272
1792
2449
2036
477
-2313
-3656
-3194
-1830
204
1940
2495
2050
183
-1693
-2086
-1065
-397
599
1358
1610
1527
1520
1137
-15
-1450
-2146
-1932
-427
1772
3207
3006
1136
-1364
-2853
-2897
-2419
-964
488
1783
2689
2821
2768
2420
584
-1322
-2146
-2360
-1328
470
1984
2392
971
-961
-2409
-2655
-1697
-684
318
789
1249
1525
2271
1888
689
-825
-1829
-986
553
2047
3096
2784
758
-1932
-3436
-3195
-2298
-861
646
2030
2491
2375
1552
572
-264
-1185
-1995
-1286
477
2166
3256
2499
380
-2141
-2920
-2645
-1872
-938
272
833
1254
1780
1948
1198
-299
-2196
-2825
-1631
629
2136
2859
2383
858
-1560
-2716
-2779
-2517
-616
465
1845
2537
2209
1718
341
-1026
-2111
-2446
-1660
272
1792
2449
2036
477
-2313
-3656
-3194
-1830
-407
1229
2296
2512
2610
2558
1164
-1024
-2146
-2250
-1110
297
1696
2384
1707
-130
-2080
-3080
-2568
-1888
-782
679
1726
2547
3050
2552
1224
-869
-1883
-1925
-1499
228
1928
3158
2765
1030
-1540
-3522
-3779
-2542
-966
636
1689
2116
1950
1499
957
-816
-2341
-2768
-1541
467
2484
3422
2886
1392
-727
-2467
-2715
-2190
-933
535
1784
2132
1719
1213
510
-506
-1633
-1961
-1221
146
1532
2784
2526
643
-1635
-2718
-2709
-1892
-620
362
1484
2559
2946
2311
1635
-73
-1964
-2585
-1849
-332
989
1962
2296
1585
101
-1951
-2845
-3112
-2060
52
1212
2014
2548
2537
1919
1268
-46
-1951
-2273
-846
503
2137
2598
996
-1292
-3293
-3382
-2355
-1244
693
1773
1762
1841
2128
2015
583
-407
1229
2296
2512
2610
2558
1164
-1024
-2146
-2250
-1110
297
1696
2384
1707
-130
-2080
-3080
-2568
-1888
-782
679
1726
2547
3050
2552
1224
-869
-1883
-1925
-1499
228
1928
3158
2765
1030
-1540
-3522
-3779
-2542
-966
636
1689
2116
1950
1499
957
-816
-2341
-2768
-1541
467
2484
3422
2886
1392
-727
-2467
-2715
-2190
-933
535
1784
2132
1719
1213
510
-506
-1633
-1961
-1221
146
1532
2784
2526
643
-1635
-2718
-2709
-1892
-620
362
1484
2559
2946
2311
1635
-73
-1964
-2585
-1849
-332
989
1962
2296
1585
101
-1951
-2845
-3112
-2060
52
1212
2014
2548
2537
1919
1268
-46
-1951
-2273
-846
503
2137
2598
996
-1292
-3293
-3382
-2355
-1244
693
1773
1762
1841
2128
2015
583
-1183
-2090
-1715
-176
1462
2591
2676
1844
-373
-2543
-2990
-2703
-1901
-148
1116
1367
1555
1733
1751
1307
229
-574
-1452
-973
263
1279
2526
2404
882
-1196
-2834
-2790
-2141
-1015
354
1364
1913
2167
1918
1031
-681
-2037
-2504
-1892
-544
1257
2282
2276
1026
-973
-2420
-2671
-1907
-623
535
1361
1512
1462
1668
1465
-313
-1616
-2065
-1741
-432
1154
2075
2262
1446
-624
-2367
-2615
-1453
-285
287
375
534
1360
2084
2161
1337
139
-1054
-1592
-1166
-90
1442
2327
1918
740
-1423
-2600
-2484
-1579
-665
-322
476
1501
2236
2672
2336
957
-908
-1902
-1785
-601
623
1790
2018
1254
-339
-2352
-2720
-1882
-1095
102
944
824
795
1520
2017
2023
841
-848
-1562
-1254
-296
1181
-1183
-2090
-1715
-176
1462
2591
2676
1844
-373
-2543
-2990
-2703
-1901
-148
1116
1367
1555
1733
1751
1307
229
-574
-1452
-973
263
1279
2526
2404
882
-1196
-2834
-2790
-2141
-1015
354
1364
1913
2167
1918
1031
-681
-2037
-2504
-1892
-544
1257
2282
2276
1026
-973
-2420
-2671
-1907
-623
535
1361
1512
1462
1668
1465
-313
-1616
-2065
-1741
-432
1154
2075
2262
1446
-624
-2367
-2615
-1453
-285
287
375
534
1360
2084
2161
1337
139
-1054
-1592
-1166
-90
1442
2327
1918
740
-1423
-2600
-2484
-1579
-665
-322
476
1501
2236
2672
2336
957
-908
-1902
-1785
-601
623
1790
2018
1254
-339
-2352
-2720
-1882
-1095
102
944
824
795
1520
2017
2023
841
-848
-1562
-1254
-296
1181
2121
1305
-956
-2367
-2597
-1673
-382
34
319
805
1090
1915
1975
1296
-37
-1712
-2567
-1795
-793
432
1654
1568
1251
453
-1009
-1591
-1873
-1346
-264
587
1307
1337
1760
1738
1107
-24
-1225
-1840
-1431
-260
1317
1995
1307
124
-1379
-2232
-1592
-323
80
166
569
669
798
1664
1804
641
-517
-1200
-1513
-760
408
1499
1867
897
-798
-2448
-2852
-2093
-1249
-481
950
1815
2276
2879
2605
1696
425
-1263
-2381
-1756
-391
1348
2360
2161
1503
0
-1447
-1967
-2000
-1318
-612
248
1128
1925
2848
2935
1618
-310
-1924
-2492
-1853
-933
1200
2365
1790
592
-979
-2015
-1796
-1085
-509
308
1199
1658
2024
2009
1198
-306
-1572
-1896
-1439
-761
19
1375
1866
1556
424
-1227
2121
1305
-956
-2367
-2597
-1673
-382
34
319
805
1090
1915
1975
1296
-37
-1712
-2567
-1795
-793
432
1654
1568
1251
453
-1009
-1591
-1873
-1346
-264
587
1307
1337
1760
1738
1107
-24
-1225
-1840
-1431
-260
1317
1995
1307
124
-1379
-2232
-1592
-323
80
166
569
669
798
1664
1804
641
-517
-1200
-1513
-760
408
1499
1867
897
-798
-2448
-2852
-2093
-1249
-481
950
1815
2276
2879
2605
1696
425
-1263
-2381
-1756
-391
1348
2360
2161
1503
0
-1447
-1967
-2000
-1318
-612
248
1128
1925
2848
2935
1618
-310
-1924
-2492
-1853
-933
1200
2365
1790
592
-979
-2015
-1796
-1085
-509
308
1199
1658
2024
2009
1198
-306
-1572
-1896
-1439
-761
19
1375
1866
1556
424
-1227
-2200
-2228
-1417
-321
610
1259
1915
2269
2590
1840
126
-1865
-3000
-2762
-1485
-16
1278
2504
2503
195
-1956
-3074
-3022
-2055
-1250
497
1849
2496
2767
2311
1543
257
-1175
-2120
-1902
-702
771
1696
1708
1132
-744
-2118
-2128
-1871
-1121
-2
990
1713
2361
3059
2925
1666
-665
-2369
-2442
-989
977
2259
2573
1622
-735
-2665
-3340
-2927
-1952
-496
933
1609
2506
2750
2565
1431
-354
-1986
-3449
-2978
-932
1388
2983
3345
2662
775
-1534
-2404
-2060
-1002
-716
-396
657
1653
1950
1605
570
-110
-1646
-2448
-2095
-631
1498
3204
3535
2327
-351
-2658
-2662
-1707
-272
1161
1343
1320
1758
1840
1519
27
-1640
-2608
-2448
-1842
-269
1741
2168
2095
886
-1327
-2242
-2327
-1788
-912
-2200
-2228
-1417
-321
610
1259
1915
2269
2590
1840
126
-1865
-3000
-2762
-1485
-16
1278
2504
2503
195
-1956
-3074
-3022
-2055
-1250
497
1849
2496
2767
2311
1543
257
-1175
-2120
-1902
-702
771
1696
1708
1132
-744
-2118
-2128
-1871
-1121
-2
990
1713
2361
3059
2925
1666
-665
-2369
-2442
-989
977
2259
2573
1622
-735
-2665
-3340
-2927
-1952
-496
933
1609
2506
2750
2565
1431
-354
-1986
-3449
-2978
-932
1388
2983
3345
2662
775
-1534
-2404
-2060
-1002
-716
-396
657
1653
1950
1605
570
-110
-1646
-2448
-2095
-631
1498
3204
3535
2327
-351
-2658
-2662
-1707
-272
1161
1343
1320
1758
1840
1519
27
-1640
-2608
-2448
-1842
-269
1741
2168
2095
886
-1327
-2242
-2327
-1788
-912
187
867
1572
2291
2247
2194
1382
-269
-1432
-2232
-1930
-762
385
1258
1055
321
-668
-1720
-1829
-1369
-752
-176
912
2092
2429
2418
1952
1188
240
-885
-1484
-1035
107
1226
2235
2136
815
-1412
-2973
-2954
-2002
-752
357
1289
2236
1890
1257
1046
260
-911
-1878
-1795
-902
607
1902
1947
2072
1104
-376
-1306
-1883
-2071
-1500
-1168
-406
744
1598
2353
2107
476
-1792
-2653
-2056
-649
435
1425
2355
2401
1919
169
-971
-1348
-1458
-1264
-121
944
1459
1892
1809
1436
483
-1499
-2494
-2878
-1850
223
1636
2303
1834
90
-1435
-2332
-2417
-1180
-84
685
1242
1732
2355
2940
2406
480
-1476
-2493
-2357
-1579
-308
738
1240
1003
-23
-936
-1836
-2024
-1648
-696
280
1144
187
867
1572
2291
2247
2194
1382
-269
-1432
-2232
-1930
-762
385
1258
1055
321
-668
-1720
-1829
-1369
-752
-176
912
2092
2429
2418
1952
1188
240
-885
-1484
-1035
107
1226
2235
2136
815
-1412
-2973
-2954
-2002
-752
357
1289
2236
1890
1257
1046
260
-911
-1878
-1795
-902
607
1902
1947
2072
1104
-376
-1306
-1883
-2071
-1500
-1168
