Gv9d1126_126
9
RAW_AUDIO_STREAM
1600
1361
-1316
-3294
-3746
-2800
-1151
-68
864
2218
3624
4503
3852
1903
-620
-2824
-3908
-3694
-2245
-202
1689
2733
2937
1822
-525
-2924
-4039
-3484
-2127
-346
1561
3046
4040
4403
3612
1845
-432
-2786
-4060
-3476
-1082
1609
3029
2900
1350
-1017
-2965
-3494
-2672
-1151
346
1026
1543
2486
3494
3251
1746
-411
-2562
-3373
-2285
-102
1715
2778
2661
1236
-937
-2829
-3561
-3012
-1868
-462
387
1130
1958
2699
3268
3139
1915
-163
-2308
-3332
-2984
-1371
927
2734
3472
3088
1552
-1007
-3260
-4310
-3758
-2312
-227
1645
3179
3875
3857
2648
583
-1658
-3489
-4337
-3272
-753
1929
3503
3632
1780
-1141
-3124
-3235
-1928
-544
391
767
1425
3000
4393
3618
1200
-1576
-3651
-3717
-1937
268
1500
2027
2158
1558
-267
-2548
-3633
-2782
-857
712
1169
1504
1998
2938
3383
2736
865
-1486
-3448
-3876
-2929
-1290
892
2893
3745
3013
895
-1674
-3481
-4080
-3383
-1695
439
2376
3765
4270
4062
2907
831
-1443
-3652
-4657
-3497
-814
1696
3243
3188
1302
-1380
-3305
-3311
-2295
-1146
-1
916
1850
3404
4496
3886
1914
-424
-2813
-3776
-2891
-598
1528
3125
3152
1488
-940
-2895
-3721
-3212
-2091
-966
262
1881
3144
3652
3350
2167
606
-1260
-2677
-3143
-2288
-364
2029
3347
3222
1919
-343
-2827
-4325
-4187
-2993
-1172
524
2233
3545
4057
3777
2349
20
-2448
-4144
-3811
-1688
1268
3472
4252
3504
1179
-1545
-3107
-2979
-2338
-1513
-862
-182
1086
2919
4002
3300
877
-1668
-3336
-3521
-1918
80
2158
1558
-267
-2548
-3633
-2782
-857
712
1169
1504
1998
2938
3383
2736
865
-1486
-3448
-3876
-2929
-1290
892
2893
3745
3013
895
-1674
-3481
-4080
-3383
-1695
439
2376
3765
4270
4062
2907
831
-1443
-3652
-4657
-3497
-814
1696
3243
3188
1302
-1380
-3305
-3311
-2295
-1146
-1
916
1850
3404
4496
3886
1914
-424
-2813
-3776
-2891
-598
1528
3125
3152
1488
-940
-2895
-3721
-3212
-2091
-966
262
1881
3144
3652
3350
2167
606
-1260
-2677
-3143
-2288
-364
2029
3347
3222
1919
-343
-2827
-4325
-4187
-2993
-1172
524
2233
3545
4057
3777
2349
20
-2448
-4144
-3811
-1688
1268
3472
4252
3504
1179
-1545
-3107
-2979
-2338
-1513
-862
-182
1086
2919
4002
3300
877
-1668
-3336
-3521
-1918
80
1769
2989
2979
1780
-113
-2066
-3124
-2765
-1541
-153
766
1563
2148
2680
2843
2173
615
-1471
-3151
-3460
-2308
-449
1673
3220
3297
2363
356
-1861
-3731
-4045
-3068
-1077
1150
2917
3779
3896
3348
1780
-681
-3033
-4722
-4559
-2226
1264
3833
4387
3127
76
-2744
-3728
-3106
-2243
-934
225
1001
2139
3817
4983
4206
1783
-1592
-4422
-4832
-2651
158
1848
2319
2109
991
-674
-2342
-2882
-2460
-1339
-252
552
1418
2552
3908
4255
3378
825
-1987
-3760
-3616
-2250
-340
1746
3461
3638
2587
-304
-3629
-5455
-4866
-2638
-21
1756
2983
3520
3527
3421
2246
208
-1773
-3427
-3785
-2027
665
2640
3399
2719
351
-2286
-3759
-3401
-2379
-983
271
1110
2127
3712
4952
3867
1190
-2030
-4209
-4112
1769
2989
2979
1780
-113
-2066
-3124
-2765
-1541
-153
766
1563
2148
2680
2843
2173
615
-1471
-3151
-3460
-2308
-449
1673
3220
3297
2363
356
-1861
-3731
-4045
-3068
-1077
1150
2917
3779
3896
3348
1780
-681
-3033
-4722
-4559
-2226
1264
3833
4387
3127
76
-2744
-3728
-3106
-2243
-934
225
1001
2139
3817
4983
4206
1783
-1592
-4422
-4832
-2651
158
1848
2319
2109
991
-674
-2342
-2882
-2460
-1339
-252
552
1418
2552
3908
4255
3378
825
-1987
-3760
-3616
-2250
-340
1746
3461
3638
2587
-304
-3629
-5455
-4866
-2638
-21
1756
2983
3520
3527
3421
2246
208
-1773
-3427
-3785
-2027
665
2640
3399
2719
351
-2286
-3759
-3401
-2379
-983
271
1110
2127
3712
4952
3867
1190
-2030
-4209
-4112
-1820
764
2353
2993
2546
1255
-782
-2623
-3295
-2986
-1800
-421
538
1307
2226
3252
3540
2791
742
-1540
-3084
-3179
-2345
-607
1733
3235
3200
2192
378
-1954
-3739
-4232
-3141
-1200
759
2116
2950
3356
3242
1831
-81
-1680
-3021
-3638
-2228
598
3095
4227
3646
976
-2287
-4188
-4162
-2766
-853
711
1488
2140
3308
4186
3597
1407
-1585
-3873
-4346
-2556
-50
1667
2587
2988
2162
48
-2213
-3385
-3342
-2164
-610
297
1376
2691
3871
4067
2968
676
-1573
-3328
-3880
-3280
-1536
1015
3099
3518
2678
555
-1877
-3728
-4040
-2565
-780
884
2083
2848
3288
3377
2424
774
-1110
-2717
-3664
-3079
-1021
1545
3178
3529
1710
-1168
-2972
-3118
-2359
-998
348
1168
1783
2640
3715
3794
2055
-304
-1820
764
2353
2993
2546
1255
-782
-2623
-3295
-2986
-1800
-421
538
1307
2226
3252
3540
2791
742
-1540
-3084
-3179
-2345
-607
1733
3235
3200
2192
378
-1954
-3739
-4232
-3141
-1200
759
2116
2950
3356
3242
1831
-81
-1680
-3021
-3638
-2228
598
3095
4227
3646
976
-2287
-4188
-4162
-2766
-853
711
1488
2140
3308
4186
3597
1407
-1585
-3873
-4346
-2556
-50
1667
2587
2988
2162
48
-2213
-3385
-3342
-2164
-610
297
1376
2691
3871
4067
2968
676
-1573
-3328
-3880
-3280
-1536
1015
3099
3518
2678
555
-1877
-3728
-4040
-2565
-780
884
2083
2848
3288
3377
2424
774
-1110
-2717
-3664
-3079
-1021
1545
3178
3529
1710
-1168
-2972
-3118
-2359
-998
348
1168
1783
2640
3715
3794
2055
-304
-2702
-4075
-3539
-1324
1176
2918
3340
1792
-623
-2770
-3834
-3295
-1735
-488
300
1238
2472
3518
4035
3371
1931
-197
-2266
-3641
-3388
-1928
251
2331
3290
2889
1237
-1317
-3373
-3965
-3167
-1628
47
1613
3141
3708
3226
2079
729
-344
-1448
-2957
-3453
-1684
1098
2870
3359
2289
-152
-2750
-3945
-3630
-2467
-934
378
1331
2498
3875
4487
3279
945
-1616
-3674
-3640
-1946
396
2047
2705
2120
841
-876
-2477
-3287
-2685
-1209
-89
776
1631
2183
2440
2708
2387
940
-1305
-3259
-3453
-2311
-505
1522
2725
2936
2294
318
-2018
-3486
-3614
-2657
-700
1220
2526
2980
3131
2695
1611
362
-1111
-2693
-3024
-1887
308
2127
3036
2827
1296
-942
-2508
-3153
-2788
-1596
-143
1155
2374
3134
3585
-2702
-4075
-3539
-1324
1176
2918
3340
1792
-623
-2770
-3834
-3295
-1735
-488
300
1238
2472
3518
4035
3371
1931
-197
-2266
-3641
-3388
-1928
251
2331
3290
2889
1237
-1317
-3373
-3965
-3167
-1628
47
1613
3141
3708
3226
2079
729
-344
-1448
-2957
-3453
-1684
1098
2870
3359
2289
-152
-2750
-3945
-3630
-2467
-934
378
1331
2498
3875
4487
3279
945
-1616
-3674
-3640
-1946
396
2047
2705
2120
841
-876
-2477
-3287
-2685
-1209
-89
776
1631
2183
2440
2708
2387
940
-1305
-3259
-3453
-2311
-505
1522
2725
2936
2294
318
-2018
-3486
-3614
-2657
-700
1220
2526
2980
3131
2695
1611
362
-1111
-2693
-3024
-1887
308
2127
3036
2827
1296
-942
-2508
-3153
-2788
-1596
-143
1155
2374
3134
3585
3307
1744
-574
-2883
-3884
-3106
-1131
977
2783
3326
2444
257
-2097
-3449
-2886
-1304
180
511
593
1084
1871
2700
3164
2896
1778
-524
-3274
-4440
-3645
-981
1687
2871
2602
1236
-620
-1995
-2977
-2928
-1553
148
1395
1918
2265
2348
2239
1600
511
-986
-2162
-2768
-2212
-493
1482
2448
2225
658
-1636
-3208
-3314
-2012
-579
328
863
1584
2368
3842
4374
2639
-475
-3431
-4425
-3397
-824
1673
3028
3142
2047
-69
-2248
-3808
-3717
-2665
-1165
-66
866
1739
2771
3747
3766
2601
680
-1259
-2656
-3056
-2507
-905
973
2199
2811
2649
1201
-1336
-3719
-4572
-3357
-1341
569
2337
3674
4112
3597
2231
505
-1232
-2714
-3135
-2212
-23
1915
2617
2248
723
-1577
-3056
-3012
-1952
-846
86
3307
1744
-574
-2883
-3884
-3106
-1131
977
2783
3326
2444
257
-2097
-3449
-2886
-1304
180
511
593
1084
1871
2700
3164
2896
1778
-524
-3274
-4440
-3645
-981
1687
2871
2602
1236
-620
-1995
-2977
-2928
-1553
148
1395
1918
2265
2348
2239
1600
511
-986
-2162
-2768
-2212
-493
1482
2448
2225
658
-1636
-3208
-3314
-2012
-579
328
863
1584
2368
3842
4374
2639
-475
-3431
-4425
-3397
-824
1673
3028
3142
2047
-69
-2248
-3808
-3717
-2665
-1165
-66
866
1739
2771
3747
3766
2601
680
-1259
-2656
-3056
-2507
-905
973
2199
2811
2649
1201
-1336
-3719
-4572
-3357
-1341
569
2337
3674
4112
3597
2231
505
-1232
-2714
-3135
-2212
-23
1915
2617
2248
723
-1577
-3056
-3012
-1952
-846
86
975
1846
2702
3707
3462
1821
-505
-2859
-4136
-3399
-1296
839
2437
3302
2761
861
-1230
-2820
-3114
-2591
-1441
40
1430
2592
3326
3680
3543
2416
25
-2608
-4145
-3934
-2863
-1145
1051
2808
3272
2557
854
-1040
-2483
-3173
-3073
-1742
189
1855
3085
3777
3497
2502
1115
-548
-2520
-3774
-3272
-1231
1145
2824
3050
1169
-1454
-3330
-3630
-2434
-690
664
1762
2256
2511
2962
3241
2295
411
-2053
-3665
-3290
-1668
-36
1479
2557
2320
677
-1282
-2947
-3557
-2704
-1149
13
859
1785
2744
3331
3581
2994
1055
-1350
-3262
-3927
-3136
-1087
1406
2978
3273
2324
404
-1574
-3052
-3988
-3269
-1386
511
1567
2595
3320
3529
2773
1460
-231
-2124
-3531
-3361
-1377
1093
2788
3427
2369
64
-2333
975
1846
2702
3707
3462
1821
-505
-2859
-4136
-3399
-1296
839
2437
3302
2761
861
-1230
-2820
-3114
-2591
-1441
40
1430
2592
3326
3680
3543
2416
25
-2608
-4145
-3934
-2863
-1145
1051
2808
3272
2557
854
-1040
-2483
-3173
-3073
-1742
189
1855
3085
3777
3497
2502
1115
-548
-2520
-3774
-3272
-1231
1145
2824
3050
1169
-1454
-3330
-3630
-2434
