Gv1c2020_70
0
RAW_AUDIO_CHW
3,7,256
84
52
14
-38
-84
-106
-112
-84
-67
-40
-2
-2
6
26
22
71
122
129
124
93
62
92
107
104
136
141
139
150
174
205
207
179
143
83
46
39
54
89
124
150
176
172
150
108
103
114
135
160
145
122
81
6
-43
-39
-45
-20
20
33
89
175
230
229
204
129
37
-52
-119
-132
-65
31
99
117
75
6
-42
-38
-6
31
65
110
127
102
86
57
39
77
141
186
175
109
93
111
132
131
119
121
99
54
58
78
82
96
91
44
10
17
40
76
112
137
167
177
151
139
131
127
130
134
119
91
45
28
10
-4
19
54
71
88
116
123
116
85
15
-57
-127
-174
-187
-164
-113
-26
81
151
165
152
117
79
79
85
88
107
87
60
72
101
138
185
207
193
159
151
176
205
227
202
143
78
28
-4
-1
2
16
58
78
62
30
6
3
40
86
136
188
189
135
74
33
26
62
106
131
124
86
59
67
89
116
118
125
138
125
120
96
65
35
6
-3
-25
-49
-22
18
65
142
195
203
180
135
75
46
37
53
90
108
73
52
57
71
128
203
246
237
198
135
73
23
-23
-53
-59
-74
-71
-54
-11
51
105
138
138
101
79
103
125
140
164
174
168
139
98
51
34
116
123
116
85
15
-57
-127
-174
-187
-164
-113
-26
81
151
165
152
117
79
79
85
88
107
87
60
72
101
138
185
207
193
159
151
176
205
227
202
143
78
28
-4
-1
2
16
58
78
62
30
6
3
40
86
136
188
189
135
74
33
26
62
106
131
124
86
59
67
89
116
118
125
138
125
120
96
65
35
6
-3
-25
-49
-22
18
65
142
195
203
180
135
75
46
37
53
90
108
73
52
57
71
128
203
246
237
198
135
73
23
-23
-53
-59
-74
-71
-54
-11
51
105
138
138
101
79
103
125
140
164
174
168
139
98
51
34
74
119
145
143
105
87
96
83
78
55
19
-4
-33
-15
28
58
107
132
112
59
3
-24
-34
10
115
205
228
202
140
93
79
62
49
52
30
27
50
50
63
94
148
221
227
186
126
43
-18
-58
-77
-63
-37
5
61
79
94
114
148
159
125
108
95
61
65
102
122
134
109
60
32
27
71
136
159
150
127
108
89
48
3
-54
-116
-99
-62
-4
71
123
156
174
168
141
110
87
83
115
182
231
210
142
63
-10
-44
1
57
116
152
131
92
90
103
122
154
183
183
125
47
-15
-55
-85
-71
-46
-34
-11
11
52
119
155
195
225
74
119
145
143
105
87
96
83
78
55
19
-4
-33
-15
28
58
107
132
112
59
3
-24
-34
10
115
205
228
202
140
93
79
62
49
52
30
27
50
50
63
94
148
221
227
186
126
43
-18
-58
-77
-63
-37
5
61
79
94
114
148
159
125
108
95
61
65
102
122
134
109
60
32
27
71
136
159
150
127
108
89
48
3
-54
-116
-99
-62
-4
71
123
156
174
168
141
110
87
83
115
182
231
210
142
63
-10
-44
1
57
116
152
131
92
90
103
122
154
183
183
125
47
-15
-55
-85
-71
-46
-34
-11
11
52
119
155
195
225
168
91
45
17
17
65
127
149
168
152
99
88
96
114
149
143
111
76
10
-59
-101
-82
-38
7
56
98
125
138
136
131
137
127
111
95
57
64
120
158
194
161
89
48
12
26
57
72
77
66
75
90
88
85
69
18
10
35
64
59
54
55
45
58
81
107
126
132
146
166
175
188
181
142
76
35
26
48
103
119
115
117
133
150
154
151
147
133
100
43
-12
-49
-72
-56
-5
43
64
75
82
101
129
176
210
155
86
20
-35
-14
43
114
142
114
88
52
23
-12
-35
19
62
91
125
120
52
-6
-21
32
94
117
114
83
168
91
45
17
17
65
127
149
168
152
99
88
96
114
149
143
111
76
10
-59
-101
-82
-38
7
56
98
125
138
136
131
137
127
111
95
57
64
120
158
194
161
89
48
12
26
57
72
77
66
75
90
88
85
69
18
10
35
64
59
54
55
45
58
81
107
126
132
146
166
175
188
181
142
76
35
26
48
103
119
115
117
133
150
154
151
147
133
100
43
-12
-49
-72
-56
-5
43
64
75
82
101
129
176
210
155
86
20
-35
-14
43
114
142
114
88
52
23
-12
-35
19
62
91
125
120
52
-6
-21
32
94
117
114
83
51
48
92
122
135
153
147
136
130
123
148
161
146
101
47
31
15
3
66
111
151
164
120
53
14
26
66
75
86
68
45
38
27
6
22
37
56
101
126
161
200
206
187
138
83
29
-33
-43
4
71
161
190
151
102
53
9
-10
14
52
45
10
-28
-55
-41
-3
46
97
132
141
138
126
137
153
153
155
123
95
114
109
125
165
198
207
166
118
69
16
57
113
154
201
217
180
67
-50
-97
-75
24
101
126
110
60
19
8
-1
-16
-9
12
10
44
80
119
157
155
122
50
-30
-67
-64
1
94
167
215
193
111
29
-41
-79
51
48
92
122
135
153
147
136
130
123
148
161
146
101
47
31
15
3
66
111
151
164
120
53
14
26
66
75
86
68
45
38
27
6
22
37
56
101
126
161
200
206
187
138
83
29
-33
-43
4
71
161
190
151
102
53
9
-10
14
52
45
10
-28
-55
-41
-3
46
97
132
141
138
126
137
153
153
155
123
95
114
109
125
165
198
207
166
118
69
16
57
113
154
201
217
180
67
-50
-97
-75
24
101
126
110
60
19
8
-1
-16
-9
12
10
44
80
119
157
155
122
50
-30
-67
-64
1
94
167
215
193
111
29
-41
-79
-92
-67
-14
6
20
51
55
75
136
178
195
179
143
110
93
70
55
58
71
68
72
96
128
171
207
225
186
122
54
30
49
76
94
83
29
-13
-11
10
46
93
141
165
165
146
119
78
89
99
110
134
119
105
140
141
143
153
151
127
88
47
7
30
114
221
271
244
166
15
-89
-91
-64
-10
33
64
74
64
100
137
160
235
284
257
212
117
30
-4
7
18
5
11
7
-12
2
39
63
128
176
134
66
-16
-57
-67
-25
34
60
53
47
11
-4
65
161
238
269
215
133
82
38
16
21
25
45
77
113
131
142
178
191
159
-92
-67
-14
6
20
51
55
75
136
178
195
179
143
110
93
70
55
58
71
68
72
96
128
171
207
225
186
122
54
30
49
76
94
83
29
-13
-11
10
46
93
141
165
165
146
119
78
89
99
110
134
119
105
140
141
143
153
151
127
88
47
7
30
114
221
271
244
166
15
-89
-91
-64
-10
33
64
74
64
100
137
160
235
284
257
212
117
30
-4
7
18
5
11
7
-12
2
39
63
128
176
134
66
-16
-57
-67
-25
34
60
53
47
11
-4
65
161
238
269
215
133
82
38
16
21
25
45
77
113
131
142
178
191
159
103
49
-17
-21
38
105
165
161
86
-9
-116
-151
-122
-87
-12
75
142
188
196
174
160
157
163
144
95
58
-5
-32
-14
14
37
78
88
59
27
49
96
115
137
101
31
-37
-75
-53
7
73
118
140
132
101
76
115
177
212
244
206
107
42
-15
-29
4
23
45
71
102
147
185
213
222
227
209
111
6
-56
-99
-45
47
128
165
146
89
28
14
60
86
130
169
144
135
133
114
130
155
172
176
163
121
72
59
75
98
118
119
104
75
69
56
27
23
5
-19
-29
-13
-5
6
50
111
156
169
140
92
74
90
121
151
150
110
44
103
49
-17
-21
38
105
165
161
86
-9
-116
-151
-122
-87
-12
75
142
188
196
174
160
157
163
144
95
58
-5
-32
-14
14
37
78
88
59
27
49
96
115
137
101
31
-37
-75
-53
7
73
118
140
132
101
76
115
177
212
244
206
107
42
-15
-29
4
23
45
71
102
147
185
213
222
227
209
111
6
-56
-99
-45
47
128
165
146
89
28
14
60
86
130
169
144
135
133
114
130
155
172
176
163
121
72
59
75
98
118
119
104
75
69
56
27
23
5
-19
-29
-13
-5
6
50
111
156
169
140
92
74
90
121
151
150
110
44
-3
-17
-31
-18
5
19
37
87
132
152
159
165
152
85
-1
-60
-87
-28
58
141
198
185
157
124
99
74
65
66
56
38
37
30
29
46
90
141
176
170
139
95
65
63
68
74
83
86
72
48
24
21
44
61
73
45
14
-16
-3
49
114
186
186
170
127
83
88
104
116
117
90
63
58
48
42
66
90
119
127
130
147
147
127
84
38
8
-27
-35
-24
-16
41
136
195
203
170
106
79
82
94
96
94
93
75
39
9
-6
39
124
179
159
126
80
60
76
78
61
31
-18
-28
-23
3
53
92
128
146
122
109
109
71
84
96
100
69
43
-1
-20
-6
15
55
78
85
106
107
107
90
85
117
134
132
120
73
41
49
38
33
48
31
19
16
15
47
46
30
11
-38
-61
-57
-37
5
39
63
98
102
86
74
82
116
140
150
138
117
67
-1
-31
-32
-28
9
44
61
110
158
177
170
129
64
-11
-66
-100
-83
-11
51
95
95
55
14
-13
-15
13
37
67
115
122
106
89
62
59
102
134
141
106
60
61
81
88
86
76
69
47
16
25
34
30
31
19
-4
-13
-9
0
21
45
71
109
113
100
96
85
77
88
95
90
72
38
25
18
19
43
74
96
111
127
137
127
89
29
-32
-91
-128
-134
-96
-31
43
122
164
155
124
79
50
52
54
60
67
46
32
45
73
105
141
155
139
114
105
109
130
140
100
42
-1
-33
-42
-25
-13
14
46
48
18
0
-21
-6
35
83
129
163
151
98
47
18
36
77
111
129
104
66
49
56
76
85
87
95
93
85
83
48
13
-7
-23
-20
-42
-58
-40
-14
36
101
134
127
103
69
36
32
25
36
67
61
34
25
30
51
105
175
204
185
153
93
37
-4
-37
-59
-61
-71
-73
-40
11
70
109
124
111
69
51
78
96
101
109
124
128
99
56
13
111
127
137
127
89
29
-32
-91
-128
-134
-96
-31
43
122
164
155
124
79
50
52
54
60
67
46
32
45
73
105
141
155
139
114
105
109
130
140
100
42
-1
-33
-42
-25
-13
14
46
48
18
0
-21
-6
35
83
129
163
151
98
47
18
36
77
111
129
104
66
49
56
76
85
87
95
93
85
83
48
13
-7
-23
-20
-42
-58
-40
-14
36
101
134
127
103
69
36
32
25
36
67
61
34
25
30
51
105
175
204
185
153
93
37
-4
-37
-59
-61
-71
-73
-40
11
70
109
124
111
69
51
78
96
101
109
124
128
99
56
13
9
52
107
132
118
83
54
52
48
41
28
2
-2
-9
20
55
69
91
96
76
34
-4
-27
-28
20
111
177
192
161
101
55
38
27
25
19
-4
-4
10
5
31
59
100
155
141
110
66
-8
-50
-68
-66
-36
-19
5
31
39
51
80
114
115
94
79
71
56
74
99
101
102
80
48
32
30
79
136
150
146
129
101
67
7
-37
-81
-104
-71
-19
45
101
126
138
142
129
100
78
57
56
85
142
177
158
94
21
-27
-33
5
51
87
93
71
48
59
78
102
133
152
143
88
-1
-66
-110
-117
-78
-43
-8
9
15
38
79
99
139
9
52
107
132
118
83
54
52
48
41
28
2
-2
-9
20
55
69
91
96
76
34
-4
-27
-28
20
111
177
192
161
101
55
38
27
25
19
-4
-4
10
5
31
59
100
155
141
110
66
-8
-50
-68
-66
-36
-19
5
31
39
51
80
114
115
94
79
71
56
74
99
101
102
80
48
32
30
79
136
150
146
129
101
67
7
-37
-81
-104
-71
-19
45
101
126
138
142
129
100
78
57
56
85
142
177
158
94
21
-27
-33
5
51
87
93
71
48
59
78
102
133
152
143
88
-1
-66
-110
-117
-78
-43
-8
9
15
38
79
99
139
160
116
74
47
31
36
63
106
124
139
130
87
62
55
71
100
97
87
57
-7
-76
-108
-96
-61
-15
23
61
91
102
107
111
113
114
89
61
29
43
86
127
153
120
63
22
-8
15
38
50
60
53
53
60
51
31
11
-17
-2
36
59
55
42
23
17
33
39
58
83
92
119
150
146
144
124
79
18
-22
-20
17
71
97
102
98
93
89
88
81
82
80
68
21
-23
-62
-78
-54
-11
17
37
45
59
94
127
175
193
138
83
13
-29
0
51
91
115
110
91
62
48
27
10
45
67
80
91
61
-4
-49
-45
11
68
95
93
160
116
74
47
31
36
63
106
124
139
130
87
62
55
71
100
97
87
57
-7
-76
-108
-96
-61
-15
23
61
91
102
107
111
113
114
89
61
29
43
86
127
153
120
63
22
-8
15
38
50
60
53
53
60
51
31
11
-17
-2
36
59
55
42
23
17
33
39
58
83
92
119
150
146
144
124
79
18
-22
-20
17
71
97
102
98
93
89
88
81
82
80
68
21
-23
-62
-78
-54
-11
17
37
45
59
94
127
175
193
138
83
13
-29
0
51
91
115
110
91
62
48
27
10
45
67
80
91
61
-4
-49
-45
11
68
95
93
62
27
35
76
90
97
111
105
109
106
97
111
115
93
49
16
2
-7
5
55
95
129
120
60
14
-9
11
42
45
40
29
12
3
2
-14
-7
3
26
72
116
143
156
142
130
103
68
19
-3
3
26
85
152
165
131
73
28
7
16
33
42
15
-16
-52
-66
-40
-12
27
61
93
108
113
103
108
97
84
81
41
26
43
54
91
126
142
131
92
56
17
-1
41
90
124
163
174
128
43
-41
-76
-45
42
103
124
111
59
19
9
3
2
16
36
62
96
119
152
158
128
94
31
-16
-26
-8
44
104
151
187
147
72
12
-47
62
27
35
76
90
97
111
105
109
106
97
111
115
93
49
16
2
-7
5
55
95
129
120
60
14
-9
11
42
45
40
29
12
3
2
-14
-7
3
26
72
116
143
156
142
130
103
68
19
-3
3
26
85
152
165
131
73
28
7
16
33
42
15
-16
-52
-66
-40
-12
27
61
93
108
113
103
108
97
84
81
41
26
43
54
91
126
142
131
92
56
17
-1
41
90
124
163
174
128
43
-41
-76
-45
42
103
124
111
59
19
9
3
2
16
36
62
96
119
152
158
128
94
31
-16
-26
-8
44
104
151
187
147
72
12
-47
-71
-73
-53
-21
-14
-13
5
27
55
97
119
136
127
92
56
41
27
27
37
32
24
36
53
80
113
140
152
105
50
3
-10
3
23
36
37
0
-28
-13
4
36
59
88
107
112
97
79
65
61
57
65
78
67
72
98
103
109
120
107
74
36
4
-9
30
103
173
195
155
72
-37
-97
-95
-69
-21
14
39
41
49
86
105
123
176
186
169
139
64
8
-4
6
3
-1
7
-1
-10
25
56
86
138
144
83
11
-28
-44
-44
-1
38
48
48
33
0
5
72
128
169
175
128
81
47
31
23
11
16
27
57
73
87
105
125
130
-71
-73
-53
-21
-14
-13
5
27
55
97
119
136
127
92
56
41
27
27
37
32
24
36
53
80
113
140
152
105
50
3
-10
3
23
36
37
0
-28
-13
4
36
59
88
107
112
97
79
65
61
57
65
78
67
72
98
103
109
120
107
74
36
4
-9
30
103
173
195
155
72
-37
-97
-95
-69
-21
14
39
41
49
86
105
123
176
186
169
139
64
8
-4
6
3
-1
7
-1
-10
25
56
86
138
144
83
11
-28
-44
-44
-1
38
48
48
33
0
5
72
128
169
175
128
81
47
31
23
11
16
27
57
73
87
105
125
130
105
54
2
-33
-5
53
117
147
104
36
-46
-111
-103
-56
-12
54
114
153
176
177
165
147
138
144
128
84
58
19
7
27
33
47
72
68
42
33
54
91
111
103
55
4
-43
-77
-61
-13
47
86
101
93
72
70
120
154
162
175
120
50
23
-23
-18
8
2
14
40
75
109
134
142
137
140
117
31
-47
-97
-113
-60
5
65
93
77
48
-3
-20
9
37
73
105
93
99
99
76
80
100
111
113
111
78
59
58
65
58
61
66
55
36
34
36
27
29
-2
-29
-21
-1
7
23
56
101
137
143
121
83
71
87
122
149
139
91
105
54
2
-33
-5
53
117
147
104
36
-46
-111
-103
-56
-12
54
114
153
176
177
165
147
138
144
128
84
58
19
7
27
33
47
72
68
42
33
54
91
111
103
55
4
-43
-77
-61
-13
47
86
101
93
72
70
120
154
162
175
120
50
23
-23
-18
8
2
14
40
75
109
134
142
137
140
117
31
-47
-97
-113
-60
5
65
93
77
48
-3
-20
9
37
73
105
93
99
99
76
80
100
111
113
111
78
59
58
65
58
61
66
55
36
34
36
27
29
-2
-29
-21
-1
7
23
56
101
137
143
121
83
71
87
122
149
139
91
33
-18
-45
-55
-34
6
31
57
108
142
148
151
149
114
51
-25
-74
-81
-21
47
114
133
122
102
74
51
32
23
29
30
23
19
9
6
25
67
117
137
123
93
64
44
53
55
53
53
51
37
23
7
17
27
28
21
-10
-25
-34
-5
37
103
160
162
144
104
64
55
66
74
81
68
59
54
37
42
59
69
88
89
92
112
101
76
41
21
11
0
-14
-14
-6
35
97
135
127
99
65
60
77
91
78
69
48
27
16
3
-5
45
107
131
119
80
44
54
78
68
40
2
-48
-60
-44
-5
49
82
97
98
76
70
52
29
114
84
46
6
1
1
22
59
84
108
121
125
132
123
135
172
172
159
136
87
79
97
87
93
98
83
80
87
109
131
112
82
42
-3
-9
-1
30
71
103
135
157
156
138
130
139
157
178
185
168
156
114
65
59
65
62
83
87
99
145
205
235
231
200
135
51
-16
-65
-46
28
99
147
140
83
36
11
29
61
91
120
141
138
129
114
99
112
139
178
188
143
97
97
114
127
123
128
122
85
69
79
84
103
109
92
53
36
41
68
108
136
160
177
169
151
150
154
158
168
160
143
108
84
77
70
83
126
158
163
183
211
219
204
170
112
37
-24
-63
-73
-44
12
90
159
188
173
150
117
97
104
108
115
119
82
59
70
97
129
167
167
132
104
106
127
162
167
126
66
22
-9
-11
-1
8
43
78
88
71
45
26
48
85
122
172
201
180
129
71
49
59
92
134
145
120
95
79
87
101
112
119
131
131
123
117
90
66
38
21
8
-22
-26
8
47
108
170
196
191
160
120
82
63
55
84
117
109
81
74
84
123
179
234
247
228
183
129
84
56
16
8
2
-17
-22
-6
43
96
137
148
123
95
94
112
128
149
159
164
152
123
83
51
67
211
219
204
170
112
37
-24
-63
-73
-44
12
90
159
188
173
150
117
97
104
108
115
119
82
59
70
97
129
167
167
132
104
106
127
162
167
126
66
22
-9
-11
-1
8
43
78
88
71
45
26
48
85
122
172
201
180
129
71
49
59
92
134
145
120
95
79
87
101
112
119
131
131
123
117
90
66
38
21
8
-22
-26
8
47
108
170
196
191
160
120
82
63
55
84
117
109
81
74
84
123
179
234
247
228
183
129
84
56
16
8
2
-17
-22
-6
43
96
137
148
123
95
94
112
128
149
159
164
152
123
83
51
67
107
138
139
117
89
89
90
86
84
61
35
9
-1
17
45
86
128
139
115
64
27
5
13
80
165
218
217
171
116
89
83
75
79
71
60
71
83
89
105
138
200
243
230
196
133
63
15
-14
-18
4
27
69
107
121
138
162
188
178
147
134
109
90
108
132
150
154
124
88
62
71
127
175
185
166
144
125
95
62
26
-36
-69
-48
-17
46
106
144
162
174
161
127
96
75
91
139
202
227
198
129
49
-7
-5
39
93
142
150
118
97
106
117
138
166
185
169
111
45
8
-19
-33
-28
-24
-6
14
47
101
145
170
206
200
107
138
139
117
89
89
90
86
84
61
35
9
-1
17
45
86
128
139
115
64
27
5
13
80
165
218
217
171
116
89
83
75
79
71
60
71
83
89
105
138
200
243
230
196
133
63
15
-14
-18
4
27
69
107
121
138
162
188
178
147
134
109
90
108
132
150
154
124
88
62
71
127
175
185
166
144
125
95
62
26
-36
-69
-48
-17
46
106
144
162
174
161
127
96
75
91
139
202
227
198
129
49
-7
-5
39
93
142
150
118
97
106
117
138
166
185
169
111
45
8
-19
-33
-28
-24
-6
14
47
101
145
170
206
200
146
99
56
45
59
107
151
174
188
157
136
138
153
181
195
173
135
81
22
-23
-30
-3
38
75
103
136
167
175
171
160
152
138
127
106
95
133
172
204
197
139
83
44
48
72
94
103
96
89
99
102
93
84
58
43
50
70
74
60
61
55
61
83
96
122
134
139
165
175
180
185
169
117
66
52
44
72
108
115
111
117
141
151
148
149
140
129
85
28
-8
-38
-43
-10
30
56
79
95
112
133
159
198
191
136
90
47
36
68
122
166
162
145
120
93
71
43
45
87
112
136
149
120
62
34
46
94
127
126
117
100
146
99
56
45
59
107
151
174
188
157
136
138
153
181
195
173
135
81
22
-23
-30
-3
38
75
103
136
167
175
171
160
152
138
127
106
95
133
172
204
197
139
83
44
48
72
94
103
96
89
99
102
93
84
58
43
50
70
74
60
61
55
61
83
96
122
134
139
165
175
180
185
169
117
66
52
44
72
108
115
111
117
141
151
148
149
140
129
85
28
-8
-38
-43
-10
30
56
79
95
112
133
159
198
191
136
90
47
36
68
122
166
162
145
120
93
71
43
45
87
112
136
149
120
62
34
46
94
127
126
117
100
80
98
126
136
146
155
148
147
133
141
162
163
131
77
51
34
20
42
88
123
152
128
79
34
19
45
69
78
63
44
32
22
13
18
42
63
95
131
161
193
218
213
192
147
103
60
25
39
87
156
216
215
177
133
104
65
63
90
100
75
37
-6
-13
7
40
81
110
118
125
119
122
139
136
129
117
82
80
86
89
121
151
173
160
126
94
43
36
79
121
162
193
197
150
54
-5
-24
28
109
156
164
141
98
86
92
85
78
83
81
94
123
161
197
206
190
141
69
21
6
41
112
172
218
238
187
116
45
-3
-23
80
98
126
136
146
155
148
147
133
141
162
163
131
77
51
34
20
42
88
123
152
128
79
34
19
45
69
78
63
44
32
22
13
18
42
63
95
131
161
193
218
213
192
147
103
60
25
39
87
156
216
215
177
133
104
65
63
90
100
75
37
-6
-13
7
40
81
110
118
125
119
122
139
136
129
117
82
80
86
89
121
151
173
160
126
94
43
36
79
121
162
193
197
150
54
-5
-24
28
109
156
164
141
98
86
92
85
78
83
81
94
123
161
197
206
190
141
69
21
6
41
112
172
218
238
187
116
45
-3
-23
-23
-3
25
32
51
74
83
110
149
173
174
155
124
112
96
61
48
47
50
54
65
94
139
174
191
193
144
94
66
66
80
102
99
65
21
0
15
44
84
111
137
157
150
131
99
85
96
101
119
124
112
122
141
139
139
131
120
95
72
48
45
92
170
235
244
204
114
3
-45
-34
-1
36
61
77
77
93
136
160
203
265
272
249
192
119
72
58
63
53
42
39
31
37
79
102
133
187
190
141
75
28
-1
1
45
77
78
80
62
33
50
115
182
239
241
180
129
91
54
35
28
27
48
86
114
132
161
189
186
151
-23
-3
25
32
51
74
83
110
149
173
174
155
124
112
96
61
48
47
50
54
65
94
139
174
191
193
144
94
66
66
80
102
99
65
21
0
15
44
84
111
137
157
150
131
99
85
96
101
119
124
112
122
141
139
139
131
120
95
72
48
45
92
170
235
244
204
114
3
-45
-34
-1
36
61
77
77
93
136
160
203
265
272
249
192
119
72
58
63
53
42
39
31
37
79
102
133
187
190
141
75
28
-1
1
45
77
78
80
62
33
50
115
182
239
241
180
129
91
54
35
28
27
48
86
114
132
161
189
186
151
100
42
13
38
97
160
191
159
83
-2
-65
-64
-44
-1
66
131
188
219
221
214
214
221
218
183
141
89
43
37
57
75
106
128
118
92
85
120
150
161
142
93
38
-14
-27
7
61
111
131
141
128
101
106
154
194
225
227
157
82
25
-7
9
30
46
68
85
112
149
183
202
205
199
153
62
-10
-58
-54
10
74
124
141
111
63
19
33
62
94
132
142
118
116
111
117
143
160
163
155
132
95
74
88
113
127
138
140
116
102
103
88
76
62
27
4
10
27
35
56
103
158
181
176
151
115
119
148
174
183
164
113
54
100
42
13
38
97
160
191
159
83
-2
-65
-64
-44
-1
66
131
188
219
221
214
214
221
218
183
141
89
43
37
57
75
106
128
118
92
85
120
150
161
142
93
38
-14
-27
7
61
111
131
141
128
101
106
154
194
225
227
157
82
25
-7
9
30
46
68
85
112
149
183
202
205
199
153
62
-10
-58
-54
10
74
124
141
111
63
19
33
62
94
132
142
118
116
111
117
143
160
163
155
132
95
74
88
113
127
138
140
116
102
103
88
76
62
27
4
10
27
35
56
103
158
181
176
151
115
119
148
174
183
164
113
54
25
15
10
21
37
45
74
113
149
161
160
152
121
55
-12
-39
-15
52
125
182
191
167
137
117
101
90
102
99
91
80
67
51
60
87
125
169
184
169
144
115
98
99
93
101
107
105
94
71
62
83
94
101
87
62
34
22
55
105
165
193
188
166
129
120
131
142
148
134
104
90
82
72
85
101
130
154
152
159
173
176
158
120
78
36
3
-8
-7
18
87
164
205
202
153
106
102
113
110
103
97
84
59
33
11
27
91
159
168
138
98
62
70
91
78
68
28
-8
-17
-4
24
62
95
121
124
110
107
101
89
119
