Gv1c2020_66
0
RAW_AUDIO_CHW
3,7,256
186
118
76
60
77
96
107
130
124
67
31
12
1
59
117
109
64
1
-33
-25
-1
49
80
94
85
47
13
24
69
86
72
48
25
-1
-2
5
10
46
70
71
52
31
40
69
116
163
175
135
87
23
-10
9
58
100
129
159
171
183
197
236
287
291
255
194
114
48
43
46
69
92
76
56
25
3
15
52
83
90
80
66
52
23
4
42
85
124
141
98
57
37
-2
1
51
66
75
72
31
38
54
55
92
103
98
81
40
-18
-35
0
101
164
161
126
51
-6
-13
56
121
132
111
59
32
38
52
74
103
111
133
166
173
172
173
156
128
119
100
53
26
-8
-1
72
126
136
126
75
18
2
26
73
80
50
48
49
37
46
95
145
193
208
166
139
102
107
119
98
82
67
37
11
26
53
70
96
91
62
60
48
47
91
155
165
154
157
89
-4
-20
-9
-1
53
131
152
152
153
141
131
120
153
169
130
136
138
119
136
141
115
99
63
-12
-53
-58
3
87
168
201
140
48
-35
-80
-68
-4
18
3
13
4
-2
30
55
96
132
123
104
68
52
65
62
46
55
61
43
31
6
16
68
100
111
103
99
77
60
33
9
32
45
37
16
4
30
173
172
173
156
128
119
100
53
26
-8
-1
72
126
136
126
75
18
2
26
73
80
50
48
49
37
46
95
145
193
208
166
139
102
107
119
98
82
67
37
11
26
53
70
96
91
62
60
48
47
91
155
165
154
157
89
-4
-20
-9
-1
53
131
152
152
153
141
131
120
153
169
130
136
138
119
136
141
115
99
63
-12
-53
-58
3
87
168
201
140
48
-35
-80
-68
-4
18
3
13
4
-2
30
55
96
132
123
104
68
52
65
62
46
55
61
43
31
6
16
68
100
111
103
99
77
60
33
9
32
45
37
16
4
30
62
102
156
153
116
89
58
61
109
134
121
99
98
123
144
160
182
158
163
138
70
20
-1
36
109
172
222
231
196
118
48
47
66
48
54
68
75
90
120
123
156
225
243
214
159
77
29
30
43
67
85
68
42
12
-14
-3
30
43
62
63
25
-21
-46
-62
-32
31
68
78
84
67
46
56
111
167
196
177
136
85
28
19
53
86
116
155
163
143
142
170
170
158
139
81
27
21
25
48
88
119
115
59
-1
-19
-46
-28
20
28
31
27
3
-4
33
95
167
211
176
129
87
62
42
21
24
30
47
53
51
92
131
161
62
102
156
153
116
89
58
61
109
134
121
99
98
123
144
160
182
158
163
138
70
20
-1
36
109
172
222
231
196
118
48
47
66
48
54
68
75
90
120
123
156
225
243
214
159
77
29
30
43
67
85
68
42
12
-14
-3
30
43
62
63
25
-21
-46
-62
-32
31
68
78
84
67
46
56
111
167
196
177
136
85
28
19
53
86
116
155
163
143
142
170
170
158
139
81
27
21
25
48
88
119
115
59
-1
-19
-46
-28
20
28
31
27
3
-4
33
95
167
211
176
129
87
62
42
21
24
30
47
53
51
92
131
161
169
152
129
95
74
75
80
123
173
162
127
62
-8
-32
16
85
129
160
122
59
25
6
20
67
105
106
100
93
74
86
124
155
163
132
43
-49
-87
-98
-52
49
95
115
134
86
45
47
63
95
115
129
127
112
109
131
134
178
228
195
150
116
86
60
62
50
35
37
31
7
-10
7
17
23
15
8
6
20
31
36
69
127
147
155
144
114
103
105
104
135
179
152
97
60
26
15
46
78
72
79
92
83
124
162
159
131
87
14
-50
-45
-16
75
168
207
203
151
88
65
61
71
113
123
105
89
99
84
80
109
132
159
169
152
129
95
74
75
80
123
173
162
127
62
-8
-32
16
85
129
160
122
59
25
6
20
67
105
106
100
93
74
86
124
155
163
132
43
-49
-87
-98
-52
49
95
115
134
86
45
47
63
95
115
129
127
112
109
131
134
178
228
195
150
116
86
60
62
50
35
37
31
7
-10
7
17
23
15
8
6
20
31
36
69
127
147
155
144
114
103
105
104
135
179
152
97
60
26
15
46
78
72
79
92
83
124
162
159
131
87
14
-50
-45
-16
75
168
207
203
151
88
65
61
71
113
123
105
89
99
84
80
109
132
159
156
128
90
64
75
85
68
63
52
6
-25
-32
-1
56
80
73
33
17
15
6
52
123
174
191
183
118
71
62
85
129
159
162
91
18
-37
-56
-19
12
23
49
72
75
65
78
86
51
78
88
15
-9
-6
14
64
157
224
202
179
128
69
47
48
53
67
94
93
102
131
152
169
188
173
140
127
104
107
107
83
52
23
3
-11
-13
-5
30
64
81
72
59
64
74
98
142
181
197
176
106
41
20
39
103
150
180
178
116
56
15
5
29
59
72
77
60
27
-4
9
29
31
64
62
29
41
66
107
183
245
262
215
111
156
128
90
64
75
85
68
63
52
6
-25
-32
-1
56
80
73
33
17
15
6
52
123
174
191
183
118
71
62
85
129
159
162
91
18
-37
-56
-19
12
23
49
72
75
65
78
86
51
78
88
15
-9
-6
14
64
157
224
202
179
128
69
47
48
53
67
94
93
102
131
152
169
188
173
140
127
104
107
107
83
52
23
3
-11
-13
-5
30
64
81
72
59
64
74
98
142
181
197
176
106
41
20
39
103
150
180
178
116
56
15
5
29
59
72
77
60
27
-4
9
29
31
64
62
29
41
66
107
183
245
262
215
111
23
-26
-2
45
86
138
136
130
112
82
102
150
173
184
157
84
16
-17
-68
-104
-79
-20
4
46
70
69
95
93
75
88
65
78
62
40
74
125
151
139
94
36
12
25
71
105
118
122
94
58
42
30
27
36
57
65
62
61
76
107
147
165
157
120
77
79
99
128
185
193
170
136
83
39
23
57
83
84
98
63
36
71
113
160
217
216
155
78
10
-49
-50
-3
-1
-1
21
-4
-1
30
59
136
187
204
198
179
141
84
79
111
144
179
135
44
5
30
77
137
181
172
103
49
-9
-83
-47
1
11
68
79
75
87
99
23
-26
-2
45
86
138
136
130
112
82
102
150
173
184
157
84
16
-17
-68
-104
-79
-20
4
46
70
69
95
93
75
88
65
78
62
40
74
125
151
139
94
36
12
25
71
105
118
122
94
58
42
30
27
36
57
65
62
61
76
107
147
165
157
120
77
79
99
128
185
193
170
136
83
39
23
57
83
84
98
63
36
71
113
160
217
216
155
78
10
-49
-50
-3
-1
-1
21
-4
-1
30
59
136
187
204
198
179
141
84
79
111
144
179
135
44
5
30
77
137
181
172
103
49
-9
-83
-47
1
11
68
79
75
87
99
117
127
133
124
93
62
62
88
110
148
147
116
48
-13
-53
-74
-42
-20
21
78
91
113
106
79
68
86
110
97
38
15
-7
-51
-12
-9
-33
-8
7
16
58
93
90
75
65
65
63
82
83
80
114
102
87
92
73
98
117
143
193
173
165
127
53
-1
-11
25
43
71
138
160
164
182
181
175
184
207
187
143
127
96
85
141
189
218
195
144
84
40
55
102
102
67
55
38
16
45
62
78
152
184
172
135
87
27
-9
4
16
22
44
41
24
45
64
85
119
99
84
106
99
107
121
158
166
149
152
81
4
-5
1
10
117
127
133
124
93
62
62
88
110
148
147
116
48
-13
-53
-74
-42
-20
21
78
91
113
106
79
68
86
110
97
38
15
-7
-51
-12
-9
-33
-8
7
16
58
93
90
75
65
65
63
82
83
80
114
102
87
92
73
98
117
143
193
173
165
127
53
-1
-11
25
43
71
138
160
164
182
181
175
184
207
187
143
127
96
85
141
189
218
195
144
84
40
55
102
102
67
55
38
16
45
62
78
152
184
172
135
87
27
-9
4
16
22
44
41
24
45
64
85
119
99
84
106
99
107
121
158
166
149
152
81
4
-5
1
10
76
105
52
32
-6
-28
25
41
49
70
67
94
138
171
177
165
128
52
0
-8
-1
62
156
191
203
188
134
96
88
112
101
70
37
-4
-48
-42
-8
43
133
208
269
257
180
129
94
64
63
78
79
60
59
40
55
93
83
68
55
24
2
2
-1
10
64
118
134
109
42
-23
-54
-39
26
55
48
23
15
1
11
44
44
60
77
70
85
103
111
113
90
51
24
28
42
78
133
188
217
223
221
145
77
66
48
31
42
70
62
40
48
54
44
88
138
131
102
90
88
79
114
146
125
101
77
37
-1
36
68
91
107
89
102
76
22
-7
-37
-30
-23
-7
22
25
-5
-22
-27
-21
37
81
65
23
-18
-21
4
41
84
90
85
84
56
48
72
110
133
128
98
83
76
69
61
55
88
119
132
125
105
98
108
127
142
146
110
60
-1
-38
-37
-7
30
57
79
91
109
124
155
181
169
117
54
-12
-51
-48
-41
-2
32
35
27
3
-14
-8
7
27
50
56
51
49
28
29
49
73
122
131
97
76
63
44
66
90
97
113
98
63
76
80
80
80
72
65
40
2
-42
-56
-22
62
97
82
48
-17
-55
-47
1
40
41
26
7
8
16
39
57
78
90
123
150
152
156
151
126
108
96
57
8
-17
-49
-41
22
56
56
42
4
-26
-36
-14
22
20
2
18
25
40
64
109
151
183
194
171
151
134
150
141
116
91
68
49
35
45
66
90
118
117
89
68
49
39
68
112
118
121
110
34
-43
-63
-60
-47
10
62
79
71
67
45
27
19
46
51
39
60
62
60
82
83
69
65
33
-21
-31
-20
45
123
189
199
132
43
-26
-61
-39
10
14
-6
-1
-5
6
31
41
71
90
92
96
78
81
101
81
53
50
50
39
33
16
29
64
76
100
110
110
100
72
46
46
79
84
75
55
32
150
152
156
151
126
108
96
57
8
-17
-49
-41
22
56
56
42
4
-26
-36
-14
22
20
2
18
25
40
64
109
151
183
194
171
151
134
150
141
116
91
68
49
35
45
66
90
118
117
89
68
49
39
68
112
118
121
110
34
-43
-63
-60
-47
10
62
79
71
67
45
27
19
46
51
39
60
62
60
82
83
69
65
33
-21
-31
-20
45
123
189
199
132
43
-26
-61
-39
10
14
-6
-1
-5
6
31
41
71
90
92
96
78
81
101
81
53
50
50
39
33
16
29
64
76
100
110
110
100
72
46
46
79
84
75
55
32
48
81
114
134
119
96
69
47
52
73
75
64
53
44
69
87
95
93
76
72
44
-9
-43
-52
-9
60
124
163
167
125
45
-12
-24
-13
-20
-1
19
36
58
73
73
106
164
180
160
131
78
46
58
64
68
73
60
30
5
7
48
80
94
100
81
39
11
-12
-24
-1
45
63
85
81
44
29
33
78
122
128
115
77
17
-24
-27
0
32
47
73
82
69
75
91
90
89
75
23
4
21
34
76
118
128
114
62
20
3
-22
6
45
63
80
71
50
56
86
135
195
211
178
132
77
41
14
-4
7
2
-2
-7
-18
3
38
48
81
114
134
119
96
69
47
52
73
75
64
53
44
69
87
95
93
76
72
44
-9
-43
-52
-9
60
124
163
167
125
45
-12
-24
-13
-20
-1
19
36
58
73
73
106
164
180
160
131
78
46
58
64
68
73
60
30
5
7
48
80
94
100
81
39
11
-12
-24
-1
45
63
85
81
44
29
33
78
122
128
115
77
17
-24
-27
0
32
47
73
82
69
75
91
90
89
75
23
4
21
34
76
118
128
114
62
20
3
-22
6
45
63
80
71
50
56
86
135
195
211
178
132
77
41
14
-4
7
2
-2
-7
-18
3
38
65
69
64
52
29
12
4
0
24
66
63
31
-12
-45
-48
-2
45
63
74
47
16
2
-8
2
41
59
52
64
68
59
81
97
124
148
131
58
-7
-36
-49
0
76
103
126
125
75
51
45
46
67
76
91
97
85
83
97
95
137
169
140
102
80
55
46
49
26
11
15
13
15
19
36
52
49
40
38
38
25
24
23
48
95
121
136
116
78
76
74
69
106
127
87
51
23
-4
-5
18
27
28
42
55
51
85
116
97
67
25
-32
-75
-70
-31
53
122
133
116
78
36
32
36
55
83
71
46
51
67
52
55
87
107
65
69
64
52
29
12
4
0
24
66
63
31
-12
-45
-48
-2
45
63
74
47
16
2
-8
2
41
59
52
64
68
59
81
97
124
148
131
58
-7
-36
-49
0
76
103
126
125
75
51
45
46
67
76
91
97
85
83
97
95
137
169
140
102
80
55
46
49
26
11
15
13
15
19
36
52
49
40
38
38
25
24
23
48
95
121
136
116
78
76
74
69
106
127
87
51
23
-4
-5
18
27
28
42
55
51
85
116
97
67
25
-32
-75
-70
-31
53
122
133
116
78
36
32
36
55
83
71
46
51
67
52
55
87
107
126
118
93
57
33
44
49
38
47
50
12
-2
-6
5
34
47
41
13
19
19
10
44
100
144
158
142
82
42
34
60
94
126
123
68
14
-35
-45
-10
11
31
59
84
94
103
103
80
41
63
53
1
-13
-18
11
70
146
177
142
107
63
30
23
30
39
64
80
65
68
75
87
104
124
124
109
91
66
63
50
40
11
-13
-25
-34
-41
-21
20
38
47
46
36
42
59
83
110
131
135
109
64
21
7
38
88
113
128
115
57
8
-12
-1
37
48
48
41
22
-8
-27
-2
13
17
32
16
-2
15
32
59
127
172
179
145
126
118
93
57
33
44
49
38
47
50
12
-2
-6
5
34
47
41
13
19
19
10
44
100
144
158
142
82
42
34
60
94
126
123
68
14
-35
-45
-10
11
31
59
84
94
103
103
80
41
63
53
1
-13
-18
11
70
146
177
142
107
63
30
23
30
39
64
80
65
68
75
87
104
124
124
109
91
66
63
50
40
11
-13
-25
-34
-41
-21
20
38
47
46
36
42
59
83
110
131
135
109
64
21
7
38
88
113
128
115
57
8
-12
-1
37
48
48
41
22
-8
-27
-2
13
17
32
16
-2
15
32
59
127
172
179
145
70
10
-17
7
49
90
121
101
97
86
68
97
135
154
157
130
71
24
-9
-48
-60
-29
15
40
59
62
56
85
97
100
113
99
99
76
55
78
115
130
111
73
31
22
29
59
79
81
76
47
17
12
6
14
25
22
20
16
22
53
83
111
128
113
78
37
39
56
88
134
129
115
80
32
6
-3
17
35
33
45
30
33
71
99
135
157
130
83
23
-32
-71
-56
-32
-44
-35
-22
-45
-20
14
58
118
147
153
136
115
83
55
68
90
117
138
93
30
8
25
75
118
152
150
101
57
-8
-55
-20
5
17
65
69
73
86
70
10
-17
7
49
90
121
101
97
86
68
97
135
154
157
130
71
24
-9
-48
-60
-29
15
40
59
62
56
85
97
100
113
99
99
76
55
78
115
130
111
73
31
22
29
59
79
81
76
47
17
12
6
14
25
22
20
16
22
53
83
111
128
113
78
37
39
56
88
134
129
115
80
32
6
-3
17
35
33
45
30
33
71
99
135
157
130
83
23
-32
-71
-56
-32
-44
-35
-22
-45
-20
14
58
118
147
153
136
115
83
55
68
90
117
138
93
30
8
25
75
118
152
150
101
57
-8
-55
-20
5
17
65
69
73
86
89
93
97
96
72
64
51
55
70
85
102
88
65
9
-26
-43
-47
-20
-3
33
63
75
92
84
61
64
85
93
72
23
4
-6
-17
15
21
7
26
30
38
66
80
83
85
94
94
83
88
71
54
73
67
60
53
40
59
68
91
126
106
106
68
5
-20
-17
5
9
47
94
98
107
112
94
92
114
138
117
78
57
31
31
82
118
144
118
71
30
-2
16
46
34
12
7
-3
-11
30
38
53
109
121
96
66
24
-20
-43
-28
-22
2
33
32
28
45
61
94
117
98
97
95
74
78
90
126
136
129
109
35
-1
13
24
89
93
97
96
72
64
51
55
70
85
102
88
65
9
-26
-43
-47
-20
-3
33
63
75
92
84
61
64
85
93
72
23
4
-6
-17
15
21
7
26
30
38
66
80
83
85
94
94
83
88
71
54
73
67
60
53
40
59
68
91
126
106
106
68
5
-20
-17
5
9
47
94
98
107
112
94
92
114
138
117
78
57
31
31
82
118
144
118
71
30
-2
16
46
34
12
7
-3
-11
30
38
53
109
121
96
66
24
-20
-43
-28
-22
2
33
32
28
45
61
94
117
98
97
95
74
78
90
126
136
129
109
35
-1
13
24
40
86
95
58
37
-1
-11
15
19
30
47
62
93
110
119
114
91
59
8
-15
-10
5
58
119
130
130
98
53
34
21
30
21
-17
-36
-52
-70
-47
-10
36
105
157
184
146
72
27
11
23
50
67
75
73
83
64
73
102
91
94
80
53
45
34
31
53
105
153
162
128
66
5
-27
-22
29
54
45
34
27
18
27
36
31
46
52
58
77
86
86
80
53
21
15
22
30
65
103
127
152
167
160
103
58
43
29
12
22
36
14
8
15
5
15
75
127
124
101
91
92
97
115
115
84
45
17
-3
1
52
73
84
96
99
61
52
65
96
103
117
122
87
53
39
27
51
112
146
138
92
57
46
56
92
127
145
154
146
120
116
131
159
163
145
116
91
75
77
79
90
121
130
120
94
79
91
114
147
173
166
131
86
38
22
39
68
88
113
126
135
153
170
219
246
234
187
139
73
41
40
53
92
104
92
69
47
41
60
92
122
121
105
96
78
47
50
79
115
155
147
102
78
59
40
71
90
104
117
90
77
99
111
131
151
158
149
123
82
51
47
93
166
182
171
125
56
26
43
101
138
131
91
54
45
51
65
83
99
113
148
162
160
157
142
120
114
116
84
47
26
6
41
110
142
141
115
74
29
23
50
67
52
44
51
52
40
52
93
129
171
168
149
123
103
124
112
100
92
87
71
60
80
98
106
116
93
69
62
52
63
110
142
134
139
122
48
-1
0
8
27
77
115
126
120
118
106
101
108
139
130
119
130
128
128
140
127
110
100
58
11
-12
1
68
141
204
203
151
84
25
4
28
64
65
68
74
71
88
107
134
168
180
176
143
116
118
130
124
113
126
131
117
91
74
100
129
145
154
153
149
134
119
83
72
77
79
74
52
60
87
160
157
142
120
114
116
84
47
26
6
41
110
142
141
115
74
29
23
50
67
52
44
51
52
40
52
93
129
171
168
149
123
103
124
112
100
92
87
71
60
80
98
106
116
93
69
62
52
63
110
142
134
139
122
48
-1
0
8
27
77
115
126
120
118
106
101
108
139
130
119
130
128
128
140
127
110
100
58
11
-12
1
68
141
204
203
151
84
25
4
28
64
65
68
74
71
88
107
134
168
180
176
143
116
118
130
124
113
126
131
117
91
74
100
129
145
154
153
149
134
119
83
72
77
79
74
52
60
87
110
147
166
158
133
95
78
93
120
129
117
102
106
134
148
160
153
140
135
89
45
19
21
66
124
170
194
192
151
96
63
74
74
63
60
65
71
83
99
107
157
207
213
192
146
94
85
98
102
121
122
107
89
74
77
102
121
131
132
111
71
48
30
16
52
91
106
102
93
73
56
76
117
152
163
144
107
51
5
-1
19
39
64
87
89
81
100
128
133
127
102
66
56
67
88
121
157
181
167
116
76
55
44
78
107
113
122
110
93
95
136
171
216
213
184
147
109
83
42
9
-4
-25
-14
-11
6
61
106
144
110
147
166
158
133
95
78
93
120
129
117
102
106
134
148
160
153
140
135
89
45
19
21
66
124
170
194
192
151
96
63
74
74
63
60
65
71
83
99
107
157
207
213
192
146
94
85
98
102
121
122
107
89
74
77
102
121
131
132
111
71
48
30
16
52
91
106
102
93
73
56
76
117
152
163
144
107
51
5
-1
19
39
64
87
89
81
100
128
133
127
102
66
56
67
88
121
157
181
167
116
76
55
44
78
107
113
122
110
93
95
136
171
216
213
184
147
109
83
42
9
-4
-25
-14
-11
6
61
106
144
148
132
112
92
91
97
109
154
175
151
107
53
15
29
103
158
194
199
144
100
76
74
95
129
142
128
118
97
93
122
163
193
199
158
70
6
-20
-16
52
113
131
144
134
90
71
74
94
103
113
120
105
90
97
103
107
150
167
138
103
74
44
34
41
31
38
57
63
51
60
74
88
102
99
92
101
103
100
100
134
158
162
158
132
109
101
98
104
148
160
133
104
71
47
52
74
88
80
93
89
99
137
150
144
111
65
-4
-34
-26
21
111
165
179
159
114
75
66
71
95
120
133
125
130
130
112
121
134
158
174
148
132
112
92
91
97
109
154
175
151
107
53
15
29
103
158
194
199
144
100
76
74
95
129
142
128
118
97
93
122
163
193
199
158
70
6
-20
-16
52
113
131
144
134
90
71
74
94
103
113
120
105
90
97
103
107
150
167
138
103
74
44
34
41
31
38
57
63
51
60
74
88
102
99
92
101
103
100
100
134
158
162
158
132
109
101
98
104
148
160
133
104
71
47
52
74
88
80
93
89
99
137
150
144
111
65
-4
-34
-26
21
111
165
179
159
114
75
66
71
95
120
133
125
130
130
112
121
134
158
174
169
145
116
113
133
132
109
103
74
32
20
29
76
119
135
115
79
69
54
58
104
161
191
201
170
115
91
89
117
149
163
140
79
27
-2
14
42
56
66
75
86
85
93
115
111
105
138
109
65
58
70
103
147
214
225
202
174
131
92
65
61
56
61
61
56
88
108
128
138
140
122
105
103
122
151
157
140
102
63
36
17
12
39
87
118
114
92
73
64
72
101
130
144
131
91
41
11
15
44
107
197
266
255
205
153
104
87
96
96
91
79
56
20
1
7
25
56
71
47
24
37
55
117
198
258
270
213
119
169
145
116
113
133
132
109
103
74
32
20
29
76
119
135
115
79
69
54
58
104
161
191
201
170
115
91
89
117
149
163
140
79
27
-2
14
42
56
66
75
86
85
93
115
111
105
138
109
65
58
70
103
147
214
225
202
174
131
92
65
61
56
61
61
56
88
108
128
138
140
122
105
103
122
151
157
140
102
63
36
17
12
39
87
118
114
92
73
64
72
101
130
144
131
91
41
11
15
44
107
197
266
255
205
153
104
87
96
96
91
79
56
20
1
7
25
56
71
47
24
37
55
117
198
258
270
213
119
48
22
57
97
152
183
188
201
188
174
188
201
202
197
172
119
81
35
-10
-51
-53
-34
-12
7
24
36
62
60
69
81
94
115
100
94
120
160
167
160
128
93
87
104
123
120
99
73
48
37
47
50
69
87
95
99
90
91
117
148
185
195
192
158
109
84
80
108
139
125
112
82
64
48
57
83
80
93
91
64
74
98
122
169
193
186
135
68
20
-6
18
50
36
32
16
0
20
39
73
120
155
174
187
192
172
149
160
172
199
200
145
91
78
104
143
185
205
176
127
86
21
-6
28
41
66
90
93
99
111
127
48
22
57
97
152
183
188
201
188
174
188
201
202
197
172
119
81
35
-10
-51
-53
-34
-12
7
24
36
62
60
69
81
94
115
100
94
120
160
167
160
128
93
87
104
123
120
99
73
48
37
47
50
69
87
95
99
90
91
117
148
185
195
192
158
109
84
80
108
139
125
112
82
64
48
57
83
80
93
91
64
74
98
122
169
193
186
135
68
20
-6
18
50
36
32
16
0
20
39
73
120
155
174
187
192
172
149
160
172
199
200
145
91
78
104
143
185
205
176
127
86
21
-6
28
41
66
90
93
99
111
127
124
129
130
104
75
47
62
90
122
145
142
105
38
4
-30
-35
-11
2
50
91
111
126
124
112
125
152
159
137
99
86
55
49
71
60
50
61
68
94
135
163
160
143
131
115
107
113
106
127
147
124
105
75
65
82
96
135
152
133
112
53
2
-25
-14
12
31
77
118
136
150
158
157
157
168
176
140
109
99
81
101
147
182
183
150
107
61
47
79
100
88
62
53
34
35
58
60
97
142
157
148
122
86
43
38
50
54
71
73
57
59
82
104
136
145
128
134
133
142
162
179
209
199
206
181
120
86
77
82
105
124
129
130
104
75
47
62
90
122
145
142
105
38
4
-30
-35
-11
2
50
91
111
126
124
112
125
152
159
137
99
86
55
49
71
60
50
61
68
94
135
163
160
143
131
115
107
113
106
127
147
124
105
75
65
82
96
135
152
133
112
53
2
-25
-14
12
31
77
118
136
150
158
157
157
168
176
140
109
99
81
101
147
182
183
150
107
61
47
79
100
88
62
53
34
35
58
60
97
142
157
148
122
86
43
38
50
54
71
73
57
59
82
104
136
145
128
134
133
142
162
179
209
199
206
181
120
86
77
82
105
149
141
101
72
36
52
88
85
90
80
85
117
148
168
165
150
106
41
7
-4
13
87
144
160
167
146
114
96
96
104
90
61
36
-3
-30
-13
19
71
141
194
226
195
149
119
95
87
94
106
97
86
86
84
115
140
128
120
89
71
67
76
87
102
147
177
180
148
93
58
41
65
106
104
88
80
66
66
85
98
94
104
97
97
104
116
120
112
87
54
42
40
54
94
142
180
196
202
171
99
63
65
53
43
53
63
49
48
58
63
85
130
154
137
118
122
116
128
163
170
158
136
114
82
70
99
120
145
139
116
