Gv3c1090_215
0
RAW_AUDIO_CHW
3,7,25
89.3548813
135.652252
99.3912888
119.852722
89.0491333
39.4477272
45.3862724
58.0880241
108.034195
70.0673218
32.9111786
-30.1645317
63.5774307
177.631592
109.336304
97.1464996
55.385334
72.6501617
66.5288086
53.8964539
110.848763
153.523468
129.691025
27.8961754
62.8130379
103.909004
129.474777
98.8965225
61.1354828
67.2300644
72.0462952
50.9815216
97.1678848
148.673782
144.205078
41.8142815
51.3465157
55.6960297
86.835022
190.163071
118.351997
42.4698067
62.8819504
44.4594498
48.2238731
108.805206
44.0157547
78.8789291
157.008072
58.6774521
57.2041702
183.070343
141.740875
46.6913185
59.6694946
50.5693398
39.7928619
102.508766
62.3692017
53.4783669
160.440918
77.2900467
14.3104277
69.1871414
87.1101608
95.1262512
68.852623
-13.2693281
4.40381384
125.853035
75.3748474
101.531555
176.236115
186.043823
167.844345
46.8654747
84.8707275
95.747818
77.9557648
4.54776907
-17.628334
113.476013
90.3296814
82.9319153
169.623825
183.076416
180.970062
66.0508728
11.5780725
51.0936089
79.1149368
53.7666473
48.9569702
83.7222824
70.2864075
99.2466507
114.381599
79.487999
49.7528038
51.4980812
7.67716599
40.3491516
77.520462
61.5017242
43.3885612
80.4888229
72.7369461
89.876236
117.245338
87.0650864
53.7335854
50.4421921
34.8342094
53.8957443
107.120331
110.673065
115.983948
73.8895111
131.41272
174.342529
23.5349483
9.8329649
74.8322372
101.922226
68.7397614
39.8071976
102.43885
109.529037
117.854195
81.8762665
107.585373
186.628876
51.3776855
-0.884823918
62.8200111
104.089798
72.1925888
51.2516212
72.2383347
65.5684586
110.318764
74.2447968
119.372688
159.22995
80.8779144
18.421072
75.1697922
107.798889
31.7653923
75.9455719
53.602562
65.693428
103.555275
83.3586426
100.544151
163.486938
99.7264175
22.9658375
56.6108208
114.871078
42.5259132
59.8172798
83.8007202
93.1220016
117.544708
27.7359829
14.4891262
99.9037857
93.1006851
79.0992661
145.731277
113.221405
58.8538094
93.8999176
20.1487103
26.1947708
46.0147095
59.3929214
106.194588
83.8136292
43.7281342
96.2531815
59.649395
52.6689568
21.4337215
12.2340202
3.12569809
61.3727074
99.1880417
35.629303
47.7212296
13.0119534
73.9164429
195.214935
112.547813
-16.3472824
53.8472939
88.2135468
-14.8736019
51.0612717
66.2819138
48.6948891
44.5328026
19.9565639
48.6581688
181.46965
145.778778
-5.60781956
30.201889
99.6786194
-2.77277446
32.1360626
59.5890808
58.0410271
106.843124
29.6663399
15.4171963
97.8724518
79.5232544
3.69788027
50.1176682
77.0484924
102.218422
128.922791
33.361393
35.6138611
109.845352
46.8932495
5.61209202
84.6088943
93.8395081
12.1642675
33.9162254
79.6424026
88.6359634
137.765839
49.6786461
4.8422823
54.2318192
48.97575
49.3844109
61.7060585
45.9383316
40.1232376
80.858078
18.2289276
53.7182083
82.4178925
30.5498657
62.1513062
39.8441658
52.5446777
47.6547165
59.2790222
53.3431778
32.7642593
80.7673492
30.4534245
36.7079468
88.9491196
36.2314072
52.0531387
52.5950203
61.1337776
42.0015678
31.1661682
51.6556053
83.0036697
140.264023
104.495171
96.4248199
62.4600906
-1.51030695
54.2776642
65.2352676
41.8313065
51.240345
27.3653316
49.1790352
71.6182251
134.748276
115.085938
93.309494
78.235611
2.16782999
38.343689
75.7177582
6.23056555
-69.4502335
-9.66615295
119.378014
167.316193
69.2403717
52.9974022
87.9712524
52.725296
52.0624313
41.6282425
19.7676582
62.3761749
-39.6281395
-35.5562401
95.998909
171.148224
91.5461655
43.0426369
89.2928238
58.0434074
51.4611549
43.9228592
28.3663654
31.3985195
139.61879
102.944458
-126.43383
-93.391098
87.1390457
220.48024
195.39769
96.5889587
2.33202982
15.5521603
22.2952862
4.90126276
155.300415
68.3715286
-77.8828888
-127.012177
52.1132126
204.619888
210.844986
118.04641
15.4090357
4.88389206
31.9184361
-7.40092134
126.827278
130.860855
-86.8319168
-143.617966
42.026947
243.248749
286.677856
207.472336
-3.98109508
-28.242054
-57.0026932
-135.45343
87.4270782
170.480621
37.8379898
100.741058
99.0701065
120.219299
127.460747
66.5358505
98.6792984
107.284256
116.507256
102.851067
113.667343
101.148399
138.404785
138.267349
43.3234596
90.7238007
103.366173
107.418953
123.201859
94.3438034
49.7021866
119.564148
139.263718
46.5663757
121.456871
87.2275009
62.1271248
74.4612579
106.313095
104.024658
121.65097
105.647987
51.4109306
99.3038864
152.084763
55.442585
101.732986
110.818367
77.436554
122.824028
71.645401
58.1391373
129.740341
155.291199
90.7225952
75.0774002
58.5319977
105.314789
174.343246
84.4428635
47.1906662
125.601387
83.0959702
51.4783478
115.409042
158.116318
105.358734
72.0622101
65.697937
81.8840027
179.339584
97.6832962
54.2727051
123.480965
131.08316
123.951324
102.335991
59.5631485
83.0422134
164.994659
74.2717133
72.6206512
127.732376
111.247475
140.593002
77.4345551
136.929565
125.278717
107.757492
69.1353149
65.3162918
161.20639
96.7818604
57.9921341
126.21199
111.181442
136.115036
89.0213699
42.2619743
77.8744736
124.66526
113.619843
103.058311
128.238266
99.8768005
112.805176
105.680611
79.6898651
109.84639
119.4189
27.8214092
68.9924622
117.542938
120.312042
99.8170242
126.550919
106.400581
105.986588
113.928902
78.2864838
105.424026
117.135056
92.9584503
87.8796539
98.3724899
83.820755
136.602371
107.868507
56.8173103
102.981178
95.5295029
102.608452
110.57106
88.8784714
100.237862
52.7729645
105.556931
80.9610519
125.197601
125.360283
55.2076683
96.2009888
98.7299805
99.1231689
110.298973
97.8643951
83.32798
126.125832
131.268539
65.5211639
106.730461
101.25489
104.03933
124.558601
87.4245911
61.72118
105.832901
154.029221
79.6995087
105.278168
85.2215958
83.4415894
91.0611038
109.971252
96.2907639
126.572388
95.8145828
63.2141724
90.3647385
155.356354
94.4369431
90.6335373
111.155609
75.5019684
143.202469
89.6466675
52.5029411
128.632141
113.941437
76.5641632
122.453583
99.9173279
79.589859
167.897446
96.0508957
