Gv3c1090_231
0
RAW_AUDIO_CHW
3,7,256
129
101
113
181
165
62
-38
-59
-38
2
61
25
-7
16
-47
-48
25
21
54
97
92
45
-6
-70
-144
-96
-14
-98
-57
25
-37
16
95
51
51
117
86
31
131
153
94
115
66
26
89
112
51
67
122
127
146
143
104
101
93
75
68
77
42
30
79
76
151
259
195
102
61
3
-6
33
27
-6
25
37
11
55
102
77
71
121
131
108
111
83
90
113
100
100
122
114
83
71
91
118
159
185
192
219
198
120
77
50
31
56
100
143
136
124
147
159
198
239
205
215
188
83
73
63
39
61
61
9
3
116
101
11
81
91
42
144
138
53
84
63
54
167
196
133
173
137
81
98
92
83
71
58
19
23
83
43
63
125
87
162
259
230
213
139
24
16
95
90
-9
55
142
111
167
211
97
56
90
85
158
222
110
16
36
34
28
33
37
56
67
9
-7
27
-26
7
77
48
117
144
18
-37
36
64
3
6
66
21
54
163
113
109
192
159
145
144
108
33
-8
29
-1
-37
9
-40
-41
26
-5
2
65
72
69
87
93
112
145
91
29
52
61
56
85
92
51
83
95
75
120
109
62
65
47
20
42
61
63
113
235
215
107
114
80
-7
1
24
42
144
138
53
84
63
54
167
196
133
173
137
81
98
92
83
71
58
19
23
83
43
63
125
87
162
259
230
213
139
24
16
95
90
-9
55
142
111
167
211
97
56
90
85
158
222
110
16
36
34
28
33
37
56
67
9
-7
27
-26
7
77
48
117
144
18
-37
36
64
3
6
66
21
54
163
113
109
192
159
145
144
108
33
-8
29
-1
-37
9
-40
-41
26
-5
2
65
72
69
87
93
112
145
91
29
52
61
56
85
92
51
83
95
75
120
109
62
65
47
20
42
61
63
113
235
215
107
114
80
-7
1
24
4
62
116
101
103
141
115
35
28
7
26
107
97
131
110
-18
23
43
-32
-11
22
0
43
161
135
113
264
181
-7
44
81
31
24
38
39
79
103
80
77
95
151
192
198
145
60
17
-30
-15
52
41
-11
-61
-43
57
95
100
101
87
126
103
100
128
73
28
24
-30
-33
40
-5
-32
95
132
52
56
53
4
7
59
92
118
179
170
171
328
421
402
367
298
202
134
102
85
135
204
199
230
191
156
227
156
83
205
182
23
10
49
51
97
73
-57
-52
35
23
82
160
73
81
134
55
70
124
47
-48
-35
12
19
80
145
4
62
116
101
103
141
115
35
28
7
26
107
97
131
110
-18
23
43
-32
-11
22
0
43
161
135
113
264
181
-7
44
81
31
24
38
39
79
103
80
77
95
151
192
198
145
60
17
-30
-15
52
41
-11
-61
-43
57
95
100
101
87
126
103
100
128
73
28
24
-30
-33
40
-5
-32
95
132
52
56
53
4
7
59
92
118
179
170
171
328
421
402
367
298
202
134
102
85
135
204
199
230
191
156
227
156
83
205
182
23
10
49
51
97
73
-57
-52
35
23
82
160
73
81
134
55
70
124
47
-48
-35
12
19
80
145
114
108
118
73
92
143
127
128
124
45
2
7
-20
17
65
17
57
122
44
-1
92
92
44
101
93
-1
28
110
84
69
79
49
35
32
33
20
-3
16
89
139
105
93
86
22
38
121
153
155
199
252
208
164
143
42
9
44
43
29
16
38
35
20
7
-22
15
11
-60
34
39
-30
46
32
-32
22
30
5
1
13
5
1
88
130
136
212
148
53
122
106
101
95
9
19
99
95
76
150
179
164
251
321
227
155
121
47
111
159
73
48
12
-44
35
73
31
34
39
17
17
135
171
100
110
43
-25
2
7
-3
19
88
114
108
118
73
92
143
127
128
124
45
2
7
-20
17
65
17
57
122
44
-1
92
92
44
101
93
-1
28
110
84
69
79
49
35
32
33
20
-3
16
89
139
105
93
86
22
38
121
153
155
199
252
208
164
143
42
9
44
43
29
16
38
35
20
7
-22
15
11
-60
34
39
-30
46
32
-32
22
30
5
1
13
5
1
88
130
136
212
148
53
122
106
101
95
9
19
99
95
76
150
179
164
251
321
227
155
121
47
111
159
73
48
12
-44
35
73
31
34
39
17
17
135
171
100
110
43
-25
2
7
-3
19
88
84
60
126
109
63
87
29
43
119
114
100
195
259
224
219
167
64
36
29
40
82
71
8
45
102
88
124
125
24
70
120
90
160
166
72
18
24
85
66
43
62
28
101
159
126
167
161
116
134
111
83
50
22
0
-8
100
162
104
116
154
163
187
146
170
224
175
85
22
45
59
8
-45
-76
-64
-19
-23
-6
79
65
55
125
151
120
136
179
183
205
182
55
45
138
88
83
123
71
141
188
101
104
128
52
-24
-9
-2
23
107
106
132
184
61
-99
-63
-58
-87
1
66
9
44
107
13
55
172
103
64
116
101
62
74
84
60
126
109
63
87
29
43
119
114
100
195
259
224
219
167
64
36
29
40
82
71
8
45
102
88
124
125
24
70
120
90
160
166
72
18
24
85
66
43
62
28
101
159
126
167
161
116
134
111
83
50
22
0
-8
100
162
104
116
154
163
187
146
170
224
175
85
22
45
59
8
-45
-76
-64
-19
-23
-6
79
65
55
125
151
120
136
179
183
205
182
55
45
138
88
83
123
71
141
188
101
104
128
52
-24
-9
-2
23
107
106
132
184
61
-99
-63
-58
-87
1
66
9
44
107
13
55
172
103
64
116
101
62
74
43
-15
-12
-12
8
57
48
74
110
113
169
193
218
205
148
167
143
129
97
38
91
166
139
151
241
180
111
139
99
63
80
28
-29
-27
-46
-55
-45
-32
-23
31
71
54
71
106
86
168
258
187
115
122
47
15
112
63
21
81
22
-32
-1
65
54
-77
-157
-127
-13
33
8
75
65
-17
121
268
255
254
206
118
94
133
126
95
170
170
165
221
171
143
113
32
77
113
36
19
36
55
61
124
119
8
64
134
45
27
139
135
116
173
126
83
173
130
17
96
120
95
137
73
27
106
135
122
193
252
151
50
38
-7
3
37
43
-15
-12
-12
8
57
48
74
110
113
169
193
218
205
148
167
143
129
97
38
91
166
139
151
241
180
111
139
99
63
80
28
-29
-27
-46
-55
-45
-32
-23
31
71
54
71
106
86
168
258
187
115
122
47
15
112
63
21
81
22
-32
-1
65
54
-77
-157
-127
-13
33
8
75
65
-17
121
268
255
254
206
118
94
133
126
95
170
170
165
221
171
143
113
32
77
113
36
19
36
55
61
124
119
8
64
134
45
27
139
135
116
173
126
83
173
130
17
96
120
95
137
73
27
106
135
122
193
252
151
50
38
-7
3
37
-16
-12
33
21
25
47
55
45
62
70
103
184
101
52
144
78
-25
-26
-27
-24
-13
-4
-17
38
105
82
118
153
104
28
17
56
62
101
183
224
289
283
181
128
82
49
36
23
96
154
130
61
6
42
53
55
87
44
41
56
-15
20
134
129
87
63
8
30
141
159
148
214
207
189
207
107
-3
88
33
-115
-53
-35
-16
105
128
110
73
27
30
89
159
71
63
132
-4
13
160
143
98
45
-1
-3
121
229
139
123
181
111
67
72
94
139
110
2
8
59
-30
-46
19
-5
-5
61
5
-23
70
81
53
124
130
126
233
258
-16
-12
33
21
25
47
55
45
62
70
103
184
101
52
144
78
-25
-26
-27
-24
-13
-4
-17
38
105
82
118
153
104
28
17
56
62
101
183
224
289
283
181
128
82
49
36
23
96
154
130
61
6
42
53
55
87
44
41
56
-15
20
134
129
87
63
8
30
141
159
148
214
207
189
207
107
-3
88
33
-115
-53
-35
-16
105
128
110
73
27
30
89
159
71
63
132
-4
13
160
143
98
45
-1
-3
121
229
139
123
181
111
67
72
94
139
110
2
8
59
-30
-46
19
-5
-5
61
5
-23
70
81
53
124
130
126
233
258
250
284
158
43
72
37
-21
40
102
29
32
77
27
108
129
35
17
10
28
22
-1
-1
3
50
7
20
122
51
29
131
146
170
250
156
-3
7
42
8
5
91
102
42
75
57
76
180
140
165
294
289
289
235
148
160
208
139
10
72
94
18
111
81
-49
-12
-4
-30
67
99
46
39
47
19
-4
-9
-106
-106
8
-38
63
253
140
107
172
100
58
129
180
134
138
178
184
264
308
238
136
29
-30
-38
-62
-66
1
12
-3
58
48
30
95
109
56
22
87
99
10
79
74
-53
-2
38
-5
9
78
77
83
136
117
158
233
128
-61
-43
-53
-59
-14
7
-55
-130
-122
-106
-55
42
-17
-50
-7
-74
-52
45
58
101
140
101
38
-3
-62
-131
-88
-65
-139
-99
-72
-116
-66
-20
-38
-18
34
21
-1
100
157
136
155
128
97
161
190
138
139
188
185
209
227
196
167
133
90
106
148
99
93
150
125
185
291
222
142
112
51
86
147
107
72
86
61
43
77
63
22
-9
-3
6
-22
-58
-89
-105
-100
-85
-101
-96
-100
-127
-103
-44
-10
33
88
106
143
170
106
92
103
76
78
128
160
147
157
194
221
267
307
286
288
215
135
138
96
91
132
114
48
24
73
51
-28
17
20
-30
38
32
-54
-38
-36
-41
61
105
39
45
9
-44
-21
-1
-14
7
13
-30
-25
8
-66
-43
15
-28
62
136
76
83
9
-113
-90
-8
-49
-116
-42
9
-2
73
95
23
9
2
29
103
144
90
21
13
35
39
36
48
59
49
15
17
44
25
47
107
124
203
229
129
97
184
226
193
230
284
211
249
342
264
260
305
216
166
160
102
33
-1
2
-37
-60
-36
-83
-94
-47
-45
-15
20
34
44
48
62
90
105
53
0
13
28
31
54
45
5
36
58
34
69
92
38
17
21
-7
12
45
13
60
167
114
21
46
-3
-74
-51
20
-30
38
32
-54
-38
-36
-41
61
105
39
45
9
-44
-21
-1
-14
7
13
-30
-25
8
-66
-43
15
-28
62
136
76
83
9
-113
-90
-8
-49
-116
-42
9
-2
73
95
23
9
2
29
103
144
90
21
13
35
39
36
48
59
49
15
17
44
25
47
107
124
203
229
129
97
184
226
193
230
284
211
249
342
264
260
305
216
166
160
102
33
-1
2
-37
-60
-36
-83
-94
-47
-45
-15
20
34
44
48
62
90
105
53
0
13
28
31
54
45
5
36
58
34
69
92
38
17
21
-7
12
45
13
60
167
114
21
46
-3
-74
-51
-58
-54
5
27
42
61
80
57
3
9
14
51
103
78
98
48
-65
-29
-12
-48
-25
0
-11
31
116
101
110
235
167
19
76
102
41
28
33
21
63
96
74
82
98
134
182
195
120
43
-4
-72
-37
56
50
18
-16
-23
92
158
163
194
194
202
193
203
215
159
124
117
59
52
100
46
3
82
99
9
-16
-37
-105
-126
-97
-83
-70
-21
-31
-13
134
198
179
161
75
-21
-48
-73
-68
9
69
74
125
99
84
182
131
82
202
180
68
77
96
99
154
137
36
55
85
48
115
164
88
94
91
26
51
67
-27
-114
-129
-113
-80
-19
-58
-54
5
27
42
61
80
57
3
9
14
51
103
78
98
48
-65
-29
-12
-48
-25
0
-11
31
116
101
110
235
167
19
76
102
41
28
33
21
63
96
74
82
98
134
182
195
120
43
-4
-72
-37
56
50
18
-16
-23
92
158
163
194
194
202
193
203
215
159
124
117
59
52
100
46
3
82
99
9
-16
-37
-105
-126
-97
-83
-70
-21
-31
-13
134
198
179
161
75
-21
-48
-73
-68
9
69
74
125
99
84
182
131
82
202
180
68
77
96
99
154
137
36
55
85
48
115
164
88
94
91
26
51
67
-27
-114
-129
-113
-80
-19
26
-8
-26
-16
-37
-4
45
51
65
47
-11
-38
-54
-74
-34
-1
-2
26
55
-10
-44
33
55
15
80
101
38
94
177
156
161
177
121
83
89
90
86
106
116
167
227
194
182
211
164
170
251
280
265
318
344
282
239
173
47
-2
-30
-74
-92
-118
-111
-93
-90
-100
-99
-45
-67
-103
-24
-34
-50
19
-11
-41
0
-6
2
1
6
24
41
131
182
192
266
224
151
199
203
197
161
82
76
113
113
103
140
132
114
187
225
126
44
1
-79
-35
-1
-83
-114
-150
-201
-136
-88
-96
-87
-49
-51
-44
77
121
61
82
34
-18
15
17
-15
16
26
-8
-26
-16
-37
-4
45
51
65
47
-11
-38
-54
-74
-34
-1
-2
26
55
-10
-44
33
55
15
80
101
38
94
177
156
161
177
121
83
89
90
86
106
116
167
227
194
182
211
164
170
251
280
265
318
344
282
239
173
47
-2
-30
-74
-92
-118
-111
-93
-90
-100
-99
-45
-67
-103
-24
-34
-50
19
-11
-41
0
-6
2
1
6
24
41
131
182
192
266
224
151
199
203
197
161
82
76
113
113
103
140
132
114
187
225
126
44
1
-79
-35
-1
-83
-114
-150
-201
-136
-88
-96
-87
-49
-51
-44
77
121
61
82
34
-18
15
17
-15
16
62
42
47
67
17
1
12
-36
-1
68
34
34
93
103
110
118
47
-14
-27
-42
-10
31
5
-39
10
61
82
125
134
78
114
152
148
205
209
154
123
129
188
169
160
164
125
176
191
129
144
100
31
31
11
-17
-43
-44
-90
-111
28
76
55
112
142
151
196
172
212
284
235
128
91
108
77
30
-28
-73
-44
-4
-23
6
68
48
47
97
95
96
109
129
139
152
99
0
1
54
14
1
4
-20
53
77
10
10
15
-56
-124
-109
-85
-50
19
50
88
142
35
-102
-65
-50
-44
33
82
28
67
144
69
100
188
116
101
157
123
101
62
42
47
67
17
1
12
-36
-1
68
34
34
93
103
110
118
47
-14
-27
-42
-10
31
5
-39
10
61
82
125
134
78
114
152
148
205
209
154
123
129
188
169
160
164
125
176
191
129
144
100
31
31
11
-17
-43
-44
-90
-111
28
76
55
112
142
151
196
172
212
284
235
128
91
108
77
30
-28
-73
-44
-4
-23
6
68
48
47
97
95
96
109
129
139
152
99
0
1
54
14
1
4
-20
53
77
10
10
15
-56
-124
-109
-85
-50
19
50
88
142
35
-102
-65
-50
-44
33
82
28
67
144
69
100
188
116
101
157
123
101
117
63
9
20
2
14
55
16
41
65
47
85
78
75
77
28
24
8
-4
-51
-90
-33
24
24
70
138
108
58
67
58
48
45
9
-43
-76
-80
-75
-51
-9
18
66
101
92
113
160
136
210
315
245
170
188
104
102
200
155
157
194
105
72
104
131
120
40
-41
9
134
152
127
181
132
39
162
259
244
240
154
54
29
38
42
19
46
43
39
91
87
67
15
-48
-13
-4
-46
-48
-36
2
3
42
35
-57
-10
52
-32
-43
62
45
23
111
57
8
90
24
-77
-5
13
11
64
-7
-50
35
35
27
121
172
82
11
-20
-66
-53
117
63
9
20
2
14
55
16
41
65
47
85
78
75
77
28
24
8
-4
-51
-90
-33
24
24
70
138
108
58
67
58
48
45
9
-43
-76
-80
-75
-51
-9
18
66
101
92
113
160
136
210
315
245
170
188
104
102
200
155
157
194
105
72
104
131
120
40
-41
9
134
152
127
181
132
39
162
259
244
240
154
54
29
38
42
19
46
43
39
91
87
67
15
-48
-13
-4
-46
-48
-36
2
3
42
35
-57
-10
52
-32
-43
62
45
23
111
57
8
90
24
-77
-5
13
11
64
-7
-50
35
35
27
121
172
82
11
-20
-66
-53
-25
-51
-19
22
19
33
21
18
30
35
43
103
174
106
88
144
75
5
16
31
37
39
41
27
75
144
127
143
168
104
7
4
39
48
106
177
209
269
231
132
109
55
11
15
4
71
148
107
23
-10
34
61
82
114
73
76
105
55
75
146
139
102
52
1
18
91
116
103
152
163
141
134
43
-49
28
-5
-110
-65
-57
-36
68
97
63
10
-30
-24
43
99
19
6
43
-83
-64
31
6
-21
-72
-115
-108
3
62
0
3
29
-24
-46
-40
-1
55
30
-49
-16
19
-40
-12
50
37
93
153
109
118
187
160
132
189
171
161
247
-25
-51
-19
22
19
33
21
18
30
35
43
103
174
106
88
144
75
5
16
31
37
39
41
27
75
144
127
143
168
104
7
4
39
48
106
177
209
269
231
132
109
55
11
15
4
71
148
107
23
-10
34
61
82
114
73
76
105
55
75
146
139
102
52
1
18
91
116
103
152
163
141
134
43
-49
28
-5
-110
-65
-57
-36
68
97
63
10
-30
-24
43
99
19
6
43
-83
-64
31
6
-21
-72
-115
-108
3
62
0
3
29
-24
-46
-40
-1
55
30
-49
-16
19
-40
-12
50
37
93
153
109
118
187
160
132
189
171
161
247
266
268
276
161
65
76
54
21
79
123
82
134
190
159
251
282
206
188
197
176
131
105
98
107
142
84
63
102
20
-7
50
41
45
105
23
-111
-103
-92
-129
-134
-70
-57
-70
-46
-69
-29
35
-2
72
193
199
203
120
36
57
89
30
-64
-27
-28
-89
-15
-36
-119
-80
-82
-82
18
45
6
2
25
20
-3
5
-52
-13
106
70
167
296
187
169
198
108
72
126
141
87
99
122
127
198
210
139
70
-30
-100
-91
-110
-124
-38
-38
-46
39
30
31
104
93
55
48
66
44
-12
39
27
-38
-2
15
-21
-29
30
45
46
89
69
84
132
133
149
135
168
222
194
94
49
47
65
153
151
85
115
80
32
100
137
159
219
219
159
112
54
-28
-21
46
22
20
79
56
73
134
124
106
133
139
79
105
176
150
142
128
56
56
116
78
41
97
124
129
162
152
118
95
66
65
116
112
70
113
110
129
252
249
161
104
33
15
67
71
27
25
32
23
58
99
95
68
87
139
131
100
77
54
64
89
85
77
87
63
49
90
111
118
161
183
194
215
149
79
74
38
7
40
81
87
98
125
152
183
233
236
231
195
102
67
35
16
53
69
34
-22
26
83
19
22
59
16
55
119
46
27
53
26
93
213
178
135
125
68
56
77
74
85
101
71
55
105
75
55
135
120
150
270
264
261
226
99
53
111
122
52
66
147
161
197
249
198
130
103
101
144
203
196
104
51
65
70
67
79
96
100
73
39
54
48
39
97
127
176
219
139
35
54
115
84
68
132
104
87
183
178
143
212
188
156
164
140
93
53
47
19
-15
1
-24
-57
-13
-3
0
36
61
75
94
111
132
154
140
74
54
73
88
112
137
113
105
139
119
133
176
144
98
106
73
71
126
127
137
252
288
207
204
182
100
75
66
16
55
119
46
27
53
26
93
213
178
135
125
68
56
77
74
85
101
71
55
105
75
55
135
120
150
270
264
261
226
99
53
111
122
52
66
147
161
197
249
198
130
103
101
144
203
196
104
51
65
70
67
79
96
100
73
39
54
48
39
97
127
176
219
139
35
54
115
84
68
132
104
87
183
178
143
212
188
156
164
140
93
53
47
19
-15
1
-24
-57
-13
-3
0
36
61
75
94
111
132
154
140
74
54
73
88
112
137
113
105
139
119
133
176
144
98
106
73
71
126
127
137
252
288
207
204
182
100
75
66
44
95
131
146
174
183
186
135
105
106
121
182
183
175
170
56
17
45
19
3
21
20
20
81
106
66
171
209
48
21
62
23
-11
-20
-42
-23
48
41
39
54
80
143
200
167
85
35
-41
-56
33
65
30
-1
-43
19
111
120
144
156
157
166
157
168
155
114
101
64
33
92
109
57
109
178
125
78
84
51
25
48
78
92
155
178
155
263
361
372
370
304
183
99
36
-1
46
126
117
139
139
80
141
147
49
108
164
75
36
41
38
93
121
44
6
59
56
89
183
163
144
167
126
124
173
143
56
4
20
52
105
167
44
95
131
146
174
183
186
135
105
106
121
182
183
175
170
56
17
45
19
3
21
20
20
81
106
66
171
209
48
21
62
23
-11
-20
-42
-23
48
41
39
54
80
143
200
167
85
35
-41
-56
33
65
30
-1
-43
19
111
120
144
156
157
166
157
168
155
114
101
64
33
92
109
57
109
178
125
78
84
51
25
48
78
92
155
178
155
263
361
372
370
304
183
99
36
-1
46
126
117
139
139
80
141
147
49
108
164
75
36
41
38
93
121
44
6
59
56
89
183
163
144
167
126
124
173
143
56
4
20
52
105
167
169
134
130
107
111
153
170
171
168
135
83
48
15
19
71
89
95
126
108
29
60
132
82
84
128
76
63
141
149
145
167
115
70
61
57
44
64
67
85
160
151
97
119
88
52
120
172
168
188
226
218
194
175
88
35
24
-1
-5
-27
-25
-1
-1
-1
-12
8
18
-33
2
48
34
68
82
39
41
29
12
7
2
26
40
93
170
176
222
237
142
141
172
147
137
85
48
89
144
141
184
239
229
270
354
309
214
180
103
96
174
124
64
49
-24
-23
43
46
48
83
86
52
135
218
163
159
142
65
71
71
44
47
95
169
134
130
107
111
153
170
171
168
135
83
48
15
19
71
89
95
126
108
29
60
132
82
84
128
76
63
141
149
145
167
115
70
61
57
44
64
67
85
160
151
97
119
88
52
120
172
168
188
226
218
194
175
88
35
24
-1
-5
-27
-25
-1
-1
-1
-12
8
18
-33
2
48
34
68
82
39
41
29
12
7
2
26
40
93
170
176
222
237
142
141
172
147
137
85
48
89
144
141
184
239
229
270
354
309
214
180
103
96
174
124
64
49
-24
-23
43
46
48
83
86
52
135
218
163
159
142
65
71
71
44
47
95
107
109
133
121
85
103
74
65
140
143
114
148
207
230
243
198
118
84
55
61
88
86
34
21
64
72
100
140
88
66
110
92
116
133
77
22
-2
42
64
37
46
19
74
155
139
167
191
144
147
171
157
127
125
87
0
70
163
138
153
186
178
193
166
153
224
225
137
68
65
63
38
-26
-97
-89
-49
-55
-44
40
64
44
82
96
95
102
125
146
172
162
80
23
84
103
62
76
66
105
179
156
122
140
115
19
6
37
54
125
180
192
243
211
36
0
27
2
58
128
90
69
155
123
100
196
167
108
142
133
91
110
107
109
133
121
85
103
74
65
140
143
114
148
207
230
243
198
118
84
55
61
88
86
34
21
64
72
100
140
88
66
110
92
116
133
77
22
-2
42
64
37
46
19
74
155
139
167
191
144
147
171
157
127
125
87
0
70
163
138
153
186
178
193
166
153
224
225
137
68
65
63
38
-26
-97
-89
-49
-55
-44
40
64
44
82
96
95
102
125
146
172
162
80
23
84
103
62
76
66
105
179
156
122
140
115
19
6
37
54
125
180
192
243
211
36
0
27
2
58
128
90
69
155
123
100
196
167
108
142
133
91
110
85
22
18
14
13
63
53
61
112
113
160
186
184
222
191
168
170
156
114
57
72
120
136
135
201
222
176
153
152
120
109
93
23
-24
-43
-46
-24
9
25
57
99
86
72
110
104
140
263
260
154
149
121
76
163
173
137
177
123
60
62
94
119
68
-42
-78
28
81
50
84
102
4
45
185
218
244
205
107
56
66
82
66
87
112
108
172
204
192
160
87
72
116
89
75
58
89
96
120
156
59
39
125
90
11
97
143
101
174
182
96
145
154
21
35
101
87
143
112
26
82
142
127
178
247
208
108
70
16
-8
21
85
22
18
14
13
63
53
61
112
113
160
186
184
222
191
168
170
156
114
57
72
120
136
135
201
222
176
153
152
120
109
93
23
-24
-43
-46
-24
9
25
57
99
86
72
110
104
140
263
260
154
149
121
76
163
173
137
177
123
60
62
94
119
68
-42
-78
28
81
50
84
102
4
45
185
218
244
205
107
56
66
82
66
87
112
108
172
204
192
160
87
72
116
89
75
58
89
96
120
156
59
39
125
90
11
97
143
101
174
182
96
145
154
21
35
101
87
143
112
26
82
142
127
178
247
208
108
70
16
-8
21
19
19
64
72
70
76
82
88
94
101
126
204
187
128
145
111
15
-8
5
26
18
14
-4
8
91
109
113
166
137
37
-12
12
42
92
175
223
295
331
252
201
157
92
87
76
113
201
203
118
28
41
78
76
101
75
32
53
36
26
96
138
122
75
28
18
89
147
140
180
227
216
207
174
46
60
105
-4
-22
10
25
128
202
189
144
87
67
101
195
171
99
164
103
46
133
165
144
97
38
13
96
211
193
156
171
133
86
68
80
140
147
52
1
39
2
-38
5
12
36
75
45
19
70
94
68
104
135
119
201
273
19
19
64
72
70
76
82
88
94
101
126
204
187
128
145
111
15
-8
5
26
18
14
-4
8
91
109
113
166
137
37
-12
12
42
92
175
223
295
331
252
201
157
92
87
76
113
201
203
118
28
41
78
76
101
75
32
53
36
26
96
138
122
75
28
18
89
147
140
180
227
216
207
174
46
60
105
-4
-22
10
25
128
202
189
144
87
67
101
195
171
99
164
103
46
133
165
144
97
38
13
96
211
193
156
171
133
86
68
80
140
147
52
1
39
2
-38
5
12
36
75
45
19
70
94
68
104
135
119
201
273
276
309
248
113
82
75
25
20
83
69
50
100
56
75
149
109
68
70
68
45
25
36
41
98
111
73
134
120
65
116
152
163
240
252
114
57
67
34
20
50
87
66
66
60
47
103
94
99
231
303
331
289
203
190
217
220
105
65
119
70
86
118
23
-6
20
-1
58
133
108
78
81
57
7
12
-46
-85
27
18
20
182
159
85
133
100
44
82
146
127
131
171
176
240
293
256
195
106
25
10
-14
-50
10
51
17
68
89
64
129
151
115
91
78
93
53
55
90
17
21
69
45
14
65
108
110
153
158
144
214
180
