Gv3c1090_362
0
RAW_AUDIO_CHW
3,7,25
11.2239466
85.045311
96.5950165
79.7981949
93.4971008
55.4761696
68.2580948
85.1218796
69.8964996
82.3115845
116.019066
134.464859
87.4192123
79.0801544
63.4431114
37.7352409
80.6939926
99.6251907
81.5750656
52.9576035
83.8431854
119.334534
91.8603668
70.8471756
61.9129944
51.1359825
74.1242371
36.0088425
70.6391296
100.297195
86.6205292
56.8406372
71.8781815
119.288223
96.868103
78.0034714
53.5001907
74.7140121
108.348351
62.632946
79.1500626
101.519554
81.1135864
66.264183
61.5624466
56.8766747
67.6442413
94.8349609
81.8172302
105.178871
66.4120102
76.3638153
69.0196609
101.847603
86.1038437
67.7896118
62.9404259
56.7767296
63.9664764
89.7734528
89.4061813
88.0875778
129.076828
100.947769
89.604187
51.3636742
44.5229263
61.1073341
89.8793106
101.228447
44.2874832
83.8675308
138.240372
95.4539795
67.7338715
56.142601
102.711182
55.9468231
42.6072388
58.0129967
82.0003967
106.34816
53.2887001
66.8512955
136.105408
108.306549
65.0337219
60.537159
55.5797691
72.5405579
127.485527
115.602989
56.5323372
89.396431
85.8309555
61.9811668
73.4696655
77.0590286
100.624474
84.073082
32.8318024
67.6612167
116.790054
127.197914
61.9549828
80.0734711
93.2065201
61.9682236
72.828186
72.6939468
102.184143
79.3250122
93.5758896
102.770195
30.2399235
34.9771271
52.9122658
92.4587555
115.073959
104.883591
80.4821091
68.4905701
89.3980408
102.632774
71.4654541
63.3217697
49.9163208
27.0258827
49.742588
83.2705307
114.051567
108.69445
85.0876389
69.080246
82.243187
106.148537
75.6083755
50.6745605
50.2826271
74.6786118
74.7227097
78.6447296
99.6253357
130.843735
134.420715
71.9869461
38.2392235
74.2093887
73.6702042
93.5280457
30.8181725
73.961174
74.9886169
76.3835602
94.3290024
124.906563
138.804306
87.613945
36.255394
68.3118286
75.60569
86.2344284
81.6263351
69.8745041
93.9556961
65.3056183
66.5449982
87.9567795
90.9674301
73.4538879
85.2105179
96.83358
66.8878479
78.0804749
76.3927002
-3.66623688
36.4449997
54.3347244
81.613205
125.060646
100.075104
85.193222
72.2589493
37.5722389
31.3918495
56.0497551
55.3575134
-2.96668983
21.3287086
66.3472214
63.7523003
83.5719299
67.2987976
72.1648331
75.2588577
60.1272392
46.7130203
48.4499741
44.9579811
27.9209557
18.4099064
59.2106247
64.1873474
80.3720398
72.1490555
67.9350739
78.0846558
62.2910156
49.9375877
45.0105743
52.3086319
20.5751877
50.9161911
88.3046417
43.781353
56.5953751
78.1113815
65.1573029
53.1687393
64.8493271
54.5455856
46.1411896
69.3301086
52.9653473
67.0632172
50.7307091
55.7023239
48.6914482
76.8108444
69.5715027
53.0265465
63.2110138
58.3887177
44.6558647
65.6196976
58.729599
58.5546837
68.6024628
24.8853436
55.9307632
60.4841728
57.516613
39.4730034
32.8518257
61.7557793
52.1588821
96.0420685
103.253586
26.143856
10.3477154
12.1161251
51.8489151
61.1956558
57.836647
45.419735
28.756649
59.0203323
52.8237534
83.8198853
111.690376
41.6791801
3.99102521
26.8354816
31.8851948
58.3299675
105.696655
110.393959
84.6045532
76.3059464
37.7017136
47.8725853
53.8644257
41.2154617
10.7044325
50.7152634
16.9241467
51.2660522
96.9746475
115.017502
86.887207
81.0703583
43.4394226
43.0812683
55.3797722
43.907711
19.9264488
22.7820301
123.243614
83.7642365
-15.1571646
4.31704664
23.4048691
117.839462
136.973862
72.447731
56.7481384
41.2200241
63.772213
82.7791443
46.8665924
46.0127029
4.58349705
-4.19099045
15.8431549
97.3470764
145.779984
82.3425369
58.2868347
43.6811066
55.2081337
85.122406
54.6321983
18.3067513
40.3744621
66.5222321
48.212265
39.0382233
64.7614746
83.8603745
79.9327927
49.6638107
-9.75156784
25.0531082
66.5347366
81.2650299
29.640583
65.6807022
52.8610954
38.2231255
57.7730217
83.2400208
80.6461868
61.3975105
-3.32705522
12.3303776
62.787796
78.3971329
60.3475456
61.0473175
77.4126816
38.6589355
87.4015884
93.1586533
28.6524754
24.5494843
57.6686554
56.6787338
53.6352768
63.1505127
3.14358616
37.5926208
112.938538
94.5972595
92.4589157
110.345802
79.593338
113.001312
126.21286
104.862976
102.804619
111.546066
103.778297
58.2632065
78.0056458
102.781982
87.3073044
103.68483
124.069168
126.83522
87.8412476
78.3645477
102.769859
124.244125
106.989243
89.3750839
44.6741104
104.416214
88.8787384
98.2586517
120.951447
129.449966
96.6474609
75.3008881
98.3005295
119.875023
119.256256
75.8714523
116.774704
138.137863
58.7334671
86.8948135
135.325714
109.073143
89.4365311
115.044998
110.046227
88.8195038
89.8849411
67.732254
121.659874
76.768074
79.8114548
70.7575912
131.781082
118.057068
88.0476151
110.721283
114.2425
91.0528717
90.5659866
71.3816605
102.801689
126.878784
67.0724411
109.520119
121.70031
121.908318
92.7146683
87.4720764
133.339813
92.918457
84.9007645
97.537529
80.6485748
109.782555
34.1123085
106.061455
120.250351
122.539528
101.671333
80.1924667
129.467651
104.164696
80.1468353
98.7313919
84.3846817
94.6792755
117.688538
101.080254
85.0972977
117.454376
129.459335
92.3411942
82.7251434
63.3874893
105.847511
129.479355
111.134171
102.494133
87.6405563
53.26717
92.7766647
105.965637
134.271667
97.5426788
85.4399261
64.5164719
93.5580444
131.730026
111.788445
110.190086
78.2067719
106.302887
128.878494
95.3664017
97.2061844
77.5603943
93.5635529
100.940376
106.074715
112.724251
108.506653
114.493149
100.054382
87.4689331
74.2041321
108.230598
95.1985168
80.8187103
88.5491791
101.473045
103.874741
112.632889
109.191628
112.56308
107.012375
84.4081116
77.8228378
82.0181122
130.790588
130.96965
104.06572
107.248932
114.315491
114.858749
88.2170029
65.4852753
84.5807037
76.3847198
98.2753067
50.4980659
127.480713
133.984024
108.134674
104.757828
113.88665
115.384842
96.6837769
64.926712
81.7667313
79.3990631
88.9946747
90.730957
107.344376
154.836945
142.135727
128.161285
96.7577972
70.7818451
54.442173
76.3064575
98.2763748
104.206253
128.083801
124.359161
