Gv6d1090_6
0
RAW_AUDIO_CHW
3,7,256
16
23
84
124
207
275
291
296
136
-37
-133
-88
-40
48
7
-42
-51
50
114
147
115
87
41
34
86
81
89
44
65
-12
-43
-78
-59
-46
77
190
187
158
147
150
184
189
115
-16
-37
-8
9
70
49
60
30
66
103
70
53
76
150
192
296
211
72
-54
15
65
142
112
45
-41
-13
49
67
67
56
65
47
195
188
72
-35
-7
-19
41
54
31
9
40
113
136
105
82
58
21
26
53
42
16
45
55
111
112
111
26
52
160
139
120
83
112
76
114
75
41
40
87
73
89
30
22
-49
0
106
197
144
104
98
112
159
122
23
-79
-41
18
53
95
47
-48
-44
37
149
157
114
58
71
150
150
88
-39
-12
19
81
99
49
26
42
160
231
211
163
86
56
77
141
123
52
20
-16
15
16
16
-29
-22
86
124
134
96
137
94
84
69
67
-3
-16
27
48
54
16
-71
-63
44
120
120
87
162
170
203
186
151
-9
-35
-6
36
137
179
200
131
186
150
56
-61
-48
-8
100
145
155
36
-54
-37
-4
54
42
42
-27
85
198
306
292
212
91
35
29
40
-35
-93
-57
-35
10
-3
33
-16
71
130
176
153
151
102
117
149
170
95
-10
-39
-45
3
-26
7
-10
23
-79
-41
18
53
95
47
-48
-44
37
149
157
114
58
71
150
150
88
-39
-12
19
81
99
49
26
42
160
231
211
163
86
56
77
141
123
52
20
-16
15
16
16
-29
-22
86
124
134
96
137
94
84
69
67
-3
-16
27
48
54
16
-71
-63
44
120
120
87
162
170
203
186
151
-9
-35
-6
36
137
179
200
131
186
150
56
-61
-48
-8
100
145
155
36
-54
-37
-4
54
42
42
-27
85
198
306
292
212
91
35
29
40
-35
-93
-57
-35
10
-3
33
-16
71
130
176
153
151
102
117
149
170
95
-10
-39
-45
3
-26
7
-10
75
102
114
55
100
122
195
223
200
115
-14
-1
12
38
37
3
-52
16
158
182
129
61
18
65
123
194
123
17
6
-2
50
66
66
-74
-73
28
148
151
167
145
119
181
204
176
29
13
-13
21
5
35
-16
-23
27
119
148
193
219
148
128
140
79
16
57
70
95
51
19
-45
-8
48
87
16
-15
17
29
127
183
178
27
15
7
73
69
38
-56
-42
57
163
158
121
68
22
22
13
22
-13
33
139
200
214
191
61
-1
52
161
139
99
69
60
81
127
204
107
85
34
33
8
28
48
56
123
144
89
32
37
36
87
76
75
102
114
55
100
122
195
223
200
115
-14
-1
12
38
37
3
-52
16
158
182
129
61
18
65
123
194
123
17
6
-2
50
66
66
-74
-73
28
148
151
167
145
119
181
204
176
29
13
-13
21
5
35
-16
-23
27
119
148
193
219
148
128
140
79
16
57
70
95
51
19
-45
-8
48
87
16
-15
17
29
127
183
178
27
15
7
73
69
38
-56
-42
57
163
158
121
68
22
22
13
22
-13
33
139
200
214
191
61
-1
52
161
139
99
69
60
81
127
204
107
85
34
33
8
28
48
56
123
144
89
32
37
36
87
76
96
-71
-103
-100
29
88
80
52
7
102
158
182
97
97
116
118
152
121
30
-57
-41
36
90
66
-7
-108
-12
138
230
254
244
170
147
161
148
53
-52
-42
-16
9
49
48
-1
-1
59
93
81
94
98
144
147
176
73
-12
8
38
23
27
-10
-41
28
101
136
81
53
16
60
113
235
272
205
139
120
52
-16
-80
-96
-24
124
141
95
60
12
33
108
192
163
38
-40
-1
91
147
135
36
-19
-16
55
48
115
122
119
127
176
119
73
41
42
39
15
22
-15
0
36
127
142
129
57
27
3
37
59
6
17
63
79
63
38
21
96
-71
-103
-100
29
88
80
52
7
102
158
182
97
97
116
118
152
121
30
-57
-41
36
90
66
-7
-108
-12
138
230
254
244
170
147
161
148
53
-52
-42
-16
9
49
48
-1
-1
59
93
81
94
98
144
147
176
73
-12
8
38
23
27
-10
-41
28
101
136
81
53
16
60
113
235
272
205
139
120
52
-16
-80
-96
-24
124
141
95
60
12
33
108
192
163
38
-40
-1
91
147
135
36
-19
-16
55
48
115
122
119
127
176
119
73
41
42
39
15
22
-15
0
36
127
142
129
57
27
3
37
59
6
17
63
79
63
38
21
83
178
265
184
152
50
22
41
124
103
-5
-30
27
107
75
55
-31
-44
57
194
217
240
167
148
111
155
127
36
-71
-74
-40
5
46
-5
-33
-31
72
102
128
107
117
120
172
190
93
1
-14
-15
-9
48
32
44
39
131
116
109
59
98
107
159
171
89
63
80
66
37
6
-37
-3
48
182
198
155
87
89
95
175
144
26
-80
-71
-4
36
67
36
-16
-42
36
68
112
111
196
249
293
318
145
-50
-110
-78
-67
-20
-96
-118
-111
28
144
218
186
155
99
77
159
182
133
139
131
111
48
9
-30
-56
54
81
93
63
89
79
148
83
178
265
184
152
50
22
41
124
103
-5
-30
27
107
75
55
-31
-44
57
194
217
240
167
148
111
155
127
36
-71
-74
-40
5
46
-5
-33
-31
72
102
128
107
117
120
172
190
93
1
-14
-15
-9
48
32
44
39
131
116
109
59
98
107
159
171
89
63
80
66
37
6
-37
-3
48
182
198
155
87
89
95
175
144
26
-80
-71
-4
36
67
36
-16
-42
36
68
112
111
196
249
293
318
145
-50
-110
-78
-67
-20
-96
-118
-111
28
144
218
186
155
99
77
159
182
133
139
131
111
48
9
-30
-56
54
81
93
63
89
79
148
143
82
-18
-8
38
89
134
81
17
-48
-28
35
77
123
175
194
224
192
120
-48
-24
20
77
67
4
-51
-114
18
115
187
149
116
56
86
183
240
149
48
42
-12
-13
-34
-20
-27
64
104
148
99
102
112
141
162
115
20
-60
-26
17
97
119
159
76
118
130
124
65
71
39
76
87
55
-51
-94
-4
48
91
33
31
-44
46
144
216
192
127
69
51
121
114
29
-50
-26
43
103
135
117
58
16
81
137
115
115
39
48
92
152
104
17
30
17
8
-31
-48
-69
16
176
330
322
312
183
121
51
74
27
-52
-23
-46
-34
-71
-16
143
82
-18
-8
38
89
134
81
17
-48
-28
35
77
123
175
194
224
192
120
-48
-24
20
77
67
4
-51
-114
18
115
187
149
116
56
86
183
240
149
48
42
-12
-13
-34
-20
-27
64
104
148
99
102
112
141
162
115
20
-60
-26
17
97
119
159
76
118
130
124
65
71
39
76
87
55
-51
-94
-4
48
91
33
31
-44
46
144
216
192
127
69
51
121
114
29
-50
-26
43
103
135
117
58
16
81
137
115
115
39
48
92
152
104
17
30
17
8
-31
-48
-69
16
176
330
322
312
183
121
51
74
27
-52
-23
-46
-34
-71
-16
-34
41
165
241
208
152
123
177
252
265
118
-27
-103
-54
-40
-22
-1
-42
-23
38
146
173
176
112
103
133
216
147
49
-3
29
58
26
8
-102
-77
-28
114
151
180
79
28
4
57
56
49
56
62
72
56
38
-41
-21
27
180
168
164
134
137
96
122
48
-27
-37
16
99
96
108
34
27
47
176
123
62
25
21
116
183
173
86
-20
-57
-30
-3
63
112
141
216
324
272
178
60
37
48
106
112
-36
-106
-122
-91
-4
64
73
37
33
124
154
242
206
228
156
154
95
32
-47
-38
5
-2
-19
-72
-87
-44
81
126
96
88
119
158
-34
41
165
241
208
152
123
177
252
265
118
-27
-103
-54
-40
-22
-1
-42
-23
38
146
173
176
112
103
133
216
147
49
-3
29
58
26
8
-102
-77
-28
114
151
180
79
28
4
57
56
49
56
62
72
56
38
-41
-21
27
180
168
164
134
137
96
122
48
-27
-37
16
99
96
108
34
27
47
176
123
62
25
21
116
183
173
86
-20
-57
-30
-3
63
112
141
216
324
272
178
60
37
48
106
112
-36
-106
-122
-91
-4
64
73
37
33
124
154
242
206
228
156
154
95
32
-47
-38
5
-2
-19
-72
-87
-44
81
126
96
88
119
158
211
222
123
8
-39
-58
-60
27
37
89
118
213
175
104
22
55
91
139
157
63
-49
-59
14
83
144
92
11
-30
55
110
172
176
176
122
109
112
81
17
-9
32
35
31
-37
-69
-71
53
145
186
182
208
181
202
183
148
54
88
41
-24
-63
-136
-126
-105
80
144
158
67
84
53
127
166
151
71
42
42
14
48
5
-80
-113
27
139
197
115
103
60
86
169
180
139
67
76
57
73
77
32
-30
-27
27
32
54
154
192
199
191
141
-1
-76
-32
35
160
195
189
86
66
57
36
-34
7
16
56
37
50
-49
-47
27
112
196
167
-67
-3
32
100
114
199
211
219
264
216
49
-50
-42
-27
48
85
32
-66
16
90
116
115
121
18
-8
77
160
125
68
65
-37
-25
16
25
-24
94
205
191
176
169
101
84
119
120
7
-9
26
61
118
142
136
35
23
90
89
80
118
143
161
258
240
107
-24
22
31
113
164
126
-1
-15
48
86
83
108
58
-4
123
200
125
14
18
-32
19
116
139
60
41
106
136
110
118
67
-42
-9
100
97
48
86
80
71
121
154
51
44
146
156
137
141
119
27
61
96
98
51
103
95
94
113
115
-1
-17
85
200
125
131
102
61
93
133
81
-36
-20
30
48
131
132
17
-48
64
170
151
127
94
38
69
122
140
23
26
19
68
116
156
119
48
130
222
182
178
134
28
4
115
168
106
46
18
5
27
88
20
-34
38
100
116
130
196
85
41
39
112
23
19
68
71
63
87
5
-48
12
123
108
115
200
144
119
145
211
75
27
26
37
105
216
236
146
144
138
64
-37
22
3
66
141
214
76
-24
-39
-12
24
112
110
-1
76
215
314
276
227
80
-24
-16
71
2
-47
-16
-7
16
59
97
30
29
97
158
133
191
138
80
108
206
131
16
-19
-31
-18
56
113
133
81
-36
-20
30
48
131
132
17
-48
64
170
151
127
94
38
69
122
140
23
26
19
68
116
156
119
48
130
222
182
178
134
28
4
115
168
106
46
18
5
27
88
20
-34
38
100
116
130
196
85
41
39
112
23
19
68
71
63
87
5
-48
12
123
108
115
200
144
119
145
211
75
27
26
37
105
216
236
146
144
138
64
-37
22
3
66
141
214
76
-24
-39
-12
24
112
110
-1
76
215
314
276
227
80
-24
-16
71
2
-47
-16
-7
16
59
97
30
29
97
158
133
191
138
80
108
206
131
16
-19
-31
-18
56
113
51
67
82
106
57
118
95
136
183
226
169
46
36
15
17
90
101
3
4
141
176
120
90
40
11
54
195
179
68
28
31
37
88
119
-37
-75
16
156
167
219
187
110
108
184
180
65
30
20
28
39
114
40
-14
28
146
149
191
200
105
84
151
171
76
68
82
57
62
94
16
-1
13
85
25
8
32
10
62
161
200
66
17
20
56
71
140
45
-7
34
151
146
158
111
13
-49
-13
86
56
61
176
203
219
250
147
15
16
139
146
135
118
52
3
84
219
149
122
63
36
-4
104
135
112
88
127
64
16
60
42
23
51
67
82
106
57
118
95
136
183
226
169
46
36
15
17
90
101
3
4
141
176
120
90
40
11
54
195
179
68
28
31
37
88
119
-37
-75
16
156
167
219
187
110
108
184
180
65
30
20
28
39
114
40
-14
28
146
149
191
200
105
84
151
171
76
68
82
57
62
94
16
-1
13
85
25
8
32
10
62
161
200
66
17
20
56
71
140
45
-7
34
151
146
158
111
13
-49
-13
86
56
61
176
203
219
250
147
15
16
139
146
135
118
52
3
84
219
149
122
63
36
-4
104
135
112
88
127
64
16
60
42
23
55
125
7
-59
-77
48
67
135
120
47
39
126
178
131
171
151
88
110
130
61
-38
-18
25
68
99
79
-30
-28
126
251
253
272
184
100
69
138
106
14
16
0
-12
77
128
45
-20
39
55
66
128
146
117
116
187
152
51
46
48
-19
34
53
16
3
112
159
106
82
38
10
52
215
281
222
159
132
52
21
19
-25
-38
86
132
92
70
46
21
77
182
191
66
-5
21
64
177
217
106
-12
-1
88
65
128
157
93
49
160
176
97
44
34
-5
25
101
70
23
39
137
140
116
67
8
-63
16
103
80
74
112
75
63
84
55
125
7
-59
-77
48
67
135
120
47
39
126
178
131
171
151
88
110
130
61
-38
-18
25
68
99
79
-30
-28
126
251
253
272
184
100
69
138
106
14
16
0
-12
77
128
45
-20
39
55
66
128
146
117
116
187
152
51
46
48
-19
34
53
16
3
112
159
106
82
38
10
52
215
281
222
159
132
52
21
19
-25
-38
86
132
92
70
46
21
77
182
191
66
-5
21
64
177
217
106
-12
-1
88
65
128
157
93
49
160
176
97
44
34
-5
25
101
70
23
39
137
140
116
67
8
-63
16
103
80
74
112
75
63
84
82
55
127
253
214
196
115
37
-12
80
127
58
-2
50
76
92
152
75
-18
25
166
202
208
195
119
47
128
185
102
-30
-40
-39
3
71
75
-10
-71
41
106
141
161
147
87
148
212
152
28
6
-31
-28
84
151
113
56
131
127
90
57
90
44
112
173
169
102
131
85
25
56
71
32
22
139
186
162
144
114
56
103
116
61
-45
-29
16
35
105
125
48
-49
4
70
95
133
204
182
218
265
178
11
-43
-44
-63
-2
3
-35
-97
9
120
193
184
172
61
52
168
234
176
203
162
108
58
95
10
-48
17
112
95
70
99
41
82
55
127
253
214
196
115
37
-12
80
127
58
-2
50
76
92
152
75
-18
25
166
202
208
195
119
47
128
185
102
-30
-40
-39
3
71
75
-10
-71
41
106
141
161
147
87
148
212
152
28
6
-31
-28
84
151
113
56
131
127
90
57
90
44
112
173
169
102
131
85
25
56
71
32
22
139
186
162
144
114
56
103
116
61
-45
-29
16
35
105
125
48
-49
4
70
95
133
204
182
218
265
178
11
-43
-44
-63
-2
3
-35
-97
9
120
193
184
172
61
52
168
234
176
203
162
108
58
95
10
-48
17
112
95
70
99
41
57
94
121
39
60
99
115
147
166
67
-66
-72
32
65
150
219
188
174
178
159
3
-1
26
54
38
83
18
-103
-31
111
191
169
177
66
41
141
252
194
122
82
2
-23
48
48
-4
21
112
139
99
147
103
62
81
128
35
-3
25
64
95
203
244
137
89
106
116
48
80
48
20
26
95
-1
-44
3
35
60
119
127
32
36
137
215
176
141
58
-1
67
150
114
32
29
65
90
172
163
69
-14
68
135
123
151
80
17
24
135
148
57
53
23
-19
22
35
12
-7
160
331
319
320
222
102
2
74
56
-9
16
-7
-42
-32
57
94
121
39
60
99
115
147
166
67
-66
-72
32
65
150
219
188
174
178
159
3
-1
26
54
38
83
18
-103
-31
111
191
169
177
66
41
141
252
194
122
82
2
-23
48
48
-4
21
112
139
99
147
103
62
81
128
35
-3
25
64
95
203
244
137
89
106
116
48
80
48
20
26
95
-1
-44
3
35
60
119
127
32
36
137
215
176
141
58
-1
67
150
114
32
29
65
90
172
163
69
-14
68
135
123
151
80
17
24
135
148
57
53
23
-19
22
35
12
-7
160
331
319
320
222
102
2
74
56
-9
16
-7
-42
-32
42
10
24
139
236
188
163
173
176
192
226
146
16
-72
-30
-64
14
101
48
-10
50
162
177
176
115
54
54
171
176
89
27
89
64
69
88
5
-80
-56
96
120
165
116
22
-24
53
110
87
64
104
62
58
100
49
6
41
201
157
164
158
117
20
54
55
20
-5
80
112
130
199
134
51
31
154
96
51
39
17
59
164
220
133
7
-14
-29
-35
80
148
159
220
347
309
215
115
29
-42
32
94
13
-72
-66
-68
-6
104
155
71
25
112
177
224
242
227
95
112
122
100
-10
26
15
-33
9
16
-51
-65
72
127
105
133
160
42
10
24
139
236
188
163
173
176
192
226
146
16
-72
-30
-64
14
101
48
-10
50
162
177
176
115
54
54
171
176
89
27
89
64
69
88
5
-80
-56
96
120
165
116
22
-24
53
110
87
64
104
62
58
100
49
6
41
201
157
164
158
117
20
54
55
20
-5
80
112
130
199
134
51
31
154
96
51
39
17
59
164
220
133
7
-14
-29
-35
80
148
159
220
347
309
215
115
29
-42
32
94
13
-72
-66
-68
-6
104
155
71
25
112
177
224
242
227
95
112
122
100
-10
26
15
-33
9
16
-51
-65
72
127
105
133
160
127
170
217
174
28
-21
-60
-55
51
137
154
120
208
192
122
62
81
16
80
160
140
-2
-24
21
64
111
166
68
-35
17
125
169
201
209
93
66
95
140
55
35
59
27
56
57
-12
-80
16
111
159
185
225
152
152
181
227
105
108
34
-28
-50
-14
-49
-80
32
127
150
86
109
33
67
144
215
112
70
55
22
34
88
1
-73
-5
137
198
140
148
48
23
115
217
172
112
110
80
89
155
103
-14
-67
16
51
82
177
157
123
150
192
65
-36
-16
35
119
242
255
132
60
43
34
-31
40
34
10
10
114
15
-4
58
136
156
38
31
82
155
190
316
279
252
223
163
-1
-80
-87
-16
52
119
88
35
59
137
187
179
188
80
12
40
169
151
82
36
-17
-27
35
68
74
185
253
254
242
232
185
133
87
89
19
3
20
72
75
176
206
117
87
112
130
124
201
199
226
231
215
63
-27
4
54
116
171
190
85
66
68
123
108
163
87
59
134
187
90
0
-26
-43
-8
82
171
150
93
127
177
136
164
82
-54
-64
66
85
71
67
98
112
174
223
154
158
183
222
189
216
169
70
14
41
80
100
116
123
71
96
144
81
71
181
265
187
187
167
139
79
43
8
-47
-28
28
59
142
150
84
40
117
227
199
166
135
114
78
102
136
45
11
34
86
91
155
158
141
200
309
299
263
192
90
30
126
144
98
38
8
-1
26
84
65
80
84
158
189
195
237
146
56
34
106
16
9
39
63
52
117
82
69
80
169
163
213
252
210
146
133
166
48
16
-1
48
107
315
336
266
227
181
112
23
76
95
114
120
162
48
-24
-72
6
20
138
145
96
144
304
410
375
286
124
-15
-59
16
-37
-80
-79
-12
-26
62
130
120
121
181
247
253
291
200
105
73
180
121
8
-71
-52
-88
27
121
43
8
-47
-28
28
59
142
150
84
40
117
227
199
166
135
114
78
102
136
45
11
34
86
91
155
158
141
200
309
299
263
192
90
30
126
144
98
38
8
-1
26
84
65
80
84
158
189
195
237
146
56
34
106
16
9
39
63
52
117
82
69
80
169
163
213
252
210
146
133
166
48
16
-1
48
107
315
336
266
227
181
112
23
76
95
114
120
162
48
-24
-72
6
20
138
145
96
144
304
410
375
286
124
-15
-59
16
-37
-80
-79
-12
-26
62
130
120
121
181
247
253
291
200
105
73
180
121
8
-71
-52
-88
27
121
142
128
130
145
142
190
200
225
169
191
147
48
10
-3
-8
80
147
107
120
211
223
190
146
127
66
54
164
144
62
-2
38
36
103
115
25
-14
87
240
252
312
250
185
111
187
134
68
-12
6
6
40
149
132
71
96
187
229
294
282
167
80
110
125
126
95
99
74
69
88
104
84
64
126
63
81
95
88
83
166
142
64
-11
5
41
48
117
96
99
123
221
208
182
96
23
-68
-52
42
46
100
224
257
252
257
200
101
87
188
201
213
196
138
23
96
167
165
117
48
24
-11
145
203
226
165
180
112
95
85
99
18
142
128
130
145
142
190
200
225
169
191
147
48
10
-3
-8
80
147
107
120
211
223
190
146
127
66
54
164
144
62
-2
38
36
103
115
25
-14
87
240
252
312
250
185
111
187
134
68
-12
6
6
40
149
132
71
96
187
229
294
282
167
80
110
125
126
95
99
74
69
88
104
84
64
126
63
81
95
88
83
166
142
64
-11
5
41
48
117
96
99
123
221
208
182
96
23
-68
-52
42
46
100
224
257
252
257
200
101
87
188
201
213
196
138
23
96
167
165
117
48
24
-11
145
203
226
165
180
112
95
85
99
18
50
48
-29
-88
-86
50
62
145
189
191
138
212
237
188
213
193
96
66
89
52
-17
19
54
48
86
94
43
81
211
347
356
354
272
127
51
113
62
0
-9
-20
-1
119
166
120
37
63
107
161
187
240
174
112
143
116
55
57
24
-32
38
80
125
116
164
182
171
98
95
56
91
229
324
268
203
122
32
-14
7
39
55
129
162
147
117
94
58
80
137
157
70
-1
64
115
174
216
170
70
71
103
137
197
223
144
83
152
167
127
67
57
-14
19
82
144
79
80
162
214
148
112
14
-108
-38
48
55
76
106
88
52
102
50
48
-29
-88
-86
50
62
145
189
191
138
212
237
188
213
193
96
66
89
52
-17
19
54
48
86
94
43
81
211
347
356
354
272
127
51
113
62
0
-9
-20
-1
119
166
120
37
63
107
161
187
240
174
112
143
116
55
57
24
-32
38
80
125
116
164
182
171
98
95
56
91
229
324
268
203
122
32
-14
7
39
55
129
162
147
117
94
58
80
137
157
70
-1
64
115
174
216
170
70
71
103
137
197
223
144
83
152
167
127
67
57
-14
19
82
144
79
80
162
214
148
112
14
-108
-38
48
55
76
106
88
52
102
192
173
240
290
299
255
175
86
22
80
74
41
-20
82
55
67
119
137
79
144
216
298
293
291
196
104
110
129
53
-78
-60
-44
6
51
134
70
41
128
203
206
227
187
85
112
147
120
-29
-55
-104
-28
103
249
218
188
191
217
135
104
155
91
103
132
156
130
130
74
47
54
151
137
130
159
238
225
207
165
112
101
67
44
-67
-16
-5
52
82
160
100
28
37
149
183
270
359
277
275
264
140
-24
-41
-88
-77
-68
-16
-16
-57
71
211
257
247
254
120
89
180
257
221
210
165
108
40
123
87
75
75
176
127
134
169
118
192
173
240
290
299
255
175
86
22
80
74
41
-20
82
55
67
119
137
79
144
216
298
293
291
196
104
110
129
53
-78
-60
-44
6
51
134
70
41
128
203
206
227
187
85
112
147
120
-29
-55
-104
-28
103
249
218
188
191
217
135
104
155
91
103
132
156
130
130
74
47
54
151
137
130
159
238
225
207
165
112
101
67
44
-67
-16
-5
52
82
160
100
28
37
149
183
270
359
277
275
264
140
-24
-41
-88
-77
-68
-16
-16
-57
71
211
257
247
254
120
89
180
257
221
210
165
108
40
123
87
75
75
176
127
134
169
118
59
58
81
29
49
87
137
144
172
109
-1
-32
79
145
231
297
294
211
165
114
14
-10
-9
4
-24
54
14
16
54
191
264
236
213
101
73
141
249
199
129
63
11
-33
72
117
112
85
162
198
180
226
163
84
47
91
21
5
4
54
73
232
296
245
171
172
158
138
143
80
14
-48
-14
-72
-51
-15
70
47
141
144
103
104
204
273
248
208
118
74
71
96
87
25
34
81
120
198
234
167
98
168
193
200
182
101
40
23
132
135
75
31
43
-15
25
68
85
67
272
411
464
422
301
131
6
57
42
23
-6
6
-68
-11
59
58
81
29
49
87
137
144
172
109
-1
-32
79
145
231
297
294
211
165
114
14
-10
-9
4
-24
54
14
16
54
191
264
236
213
101
73
141
249
199
129
63
11
-33
72
117
112
85
162
198
180
226
163
84
47
91
21
5
4
54
73
232
296
245
171
172
158
138
143
80
14
-48
-14
-72
-51
-15
70
47
141
144
103
104
204
273
248
208
118
74
71
96
87
25
34
81
120
198
234
167
98
168
193
200
182
101
40
23
132
135
75
31
43
-15
25
68
85
67
272
411
464
422
301
131
6
57
42
23
-6
6
-68
-11
85
123
136
209
320
255
228
277
260
224
202
129
16
-80
-37
-88
-5
74
113
80
144
243
275
249
197
144
118
185
156
99
30
112
51
88
47
47
-16
36
151
226
191
132
31
-40
14
93
113
80
110
48
53
52
89
60
127
250
261
254
261
208
64
23
-3
32
-16
62
79
155
216
248
159
154
215
148
103
102
87
91
148
176
124
7
-4
-13
-13
93
235
283
349
405
371
264
159
80
-3
23
11
-26
-131
-123
-93
16
124
212
131
113
136
276
314
347
307
151
111
95
83
-33
-21
-27
-47
-25
59
21
23
116
140
146
195
253
85
123
136
209
320
255
228
277
260
224
202
129
16
-80
-37
-88
-5
74
113
80
144
243
275
249
197
144
118
185
156
99
30
112
51
88
47
47
-16
36
151
226
191
132
31
-40
14
93
113
80
110
48
53
52
89
60
127
250
261
254
261
208
64
23
-3
32
-16
62
79
155
216
248
159
154
215
148
103
102
87
91
148
176
124
7
-4
-13
-13
93
235
283
349
405
371
264
159
80
-3
23
11
-26
-131
-123
-93
16
124
212
131
113
136
276
314
347
307
151
111
95
83
-33
-21
-27
-47
-25
59
21
23
116
140
146
195
253
211
194
187
156
6
-45
-88
-47
57
229
263
241
268
234
146
104
142
66
90
109
117
-12
2
23
102
144
224
137
61
87
232
272
272
265
132
49
47
95
19
31
49
26
-1
48
28
28
95
194
234
248
279
223
139
150
176
112
112
9
-30
-96
-11
-12
52
96
218
204
165
176
113
113
130
178
102
64
33
48
28
69
40
33
73
225
249
181
163
71
40
72
187
190
119
114
92
83
142
144
34
-12
56
88
143
268
248
191
178
174
29
-48
-51
48
158
304
336
255
116
97
68
40
85
92
-1
-44
33
-26
3
38
159
176
