Gv8c1220_99
3
RAW_AUDIO_CHW
3,7,25
1.09348977
-27.794241
-11.853179
-54.8250008
306.117615
96.2385864
-83.5475235
26.6236076
230.736694
314.848694
-72.495491
-78.9131546
167.848831
202.435501
73.6682281
-80.3927765
-16.2513332
339.031158
145.458221
-214.018387
22.0754166
258.844543
250.824829
-80.9611282
-18.021389
163.862564
130.83284
-68.4051285
-58.1491203
279.951965
245.749832
-196.523743
-39.6825218
220.614044
289.968201
-20.6025181
-80.1944885
82.589325
313.71347
96.209343
-68.1674271
-30.3376789
156.956863
290.476959
-0.612526357
-113.74028
42.7592659
407.686127
-0.864089966
-79.6583252
101.020508
170.734985
-64.9622803
-37.23032
93.3302307
314.451141
48.9913292
-101.211014
-32.351532
384.991913
105.615028
-115.013397
11.4028721
176.36499
274.112885
-37.9588013
-94.8931122
89.8372421
403.031708
-108.80349
-83.8692627
132.611465
320.169159
112.864647
-134.278214
76.8536453
301.84436
8.77359581
-90.7211838
4.92766619
413.711914
-9.33421707
-138.207108
97.3403091
295.463074
183.94664
-97.9977036
-64.0861511
147.017334
333.833984
-39.8289032
-79.9167786
84.8961029
318.846436
59.4498825
-153.723801
34.8829803
269.731934
202.183548
-71.8013992
142.400696
381.180725
15.2245626
-94.7355576
38.5112877
292.993469
148.713425
-160.433044
-7.87976503
225.80481
254.90184
-28.4003887
-29.5027065
71.7013016
297.645721
71.010437
-109.117851
50.3724213
283.274994
118.337601
-69.3716431
-6.77032995
134.187592
336
-71.5086823
27.1285667
309.189911
123.158607
-93.2813416
-8.92930794
263.388397
174.485214
-57.5581856
-23.6520634
88.4387512
333.259766
26.8955212
-181.05809
112.047699
288.509399
101.701111
-111.778374
86.8089676
131.086197
276.05426
-88.6011505
-10.6879301
126.547958
275.519165
-15.0866165
-32.6980019
252.618408
193.877304
-133.218948
70.9896698
98.0535507
291.91275
-26.2974224
-54.042244
99.9526291
269.287354
62.4057999
-168.696609
142.560165
278.760712
84.0795441
-20.223011
11.4510612
64.9429169
234.444717
48.2066574
-43.0741806
80.1112366
288.436127
45.7278481
95.2202377
-56.454113
-6.64898491
-38.8548393
284.852905
122.34948
-114.601631
6.81329727
143.657532
270.81662
-110.109665
-100.822891
122.791153
182.860535
68.493187
-91.2207184
-55.9734344
308.45755
204.745926
-213.928848
-18.9293785
186.185867
252.973251
-84.8775482
-61.5729752
95.5149689
122.864601
-76.3935547
-88.3312454
233.069427
297.662079
-180.591751
-75.0798035
150.989578
270.261078
-8.10715294
-123.171501
35.0369377
232.600266
60.58535
-91.3595047
-28.3553448
85.3126144
257.026245
-9.54519463
-99.2125702
12.4770937
377.402466
40.3829422
-89.432251
97.5869751
117.251152
-91.628067
-32.5326271
35.0297813
265.839233
41.0251427
-93.0453339
-44.1626053
337.412567
146.351456
-118.583191
25.573616
112.369881
231.385788
-43.7563591
-86.4529343
23.4285011
368.436249
-72.0849228
-131.229065
75.8156433
232.262466
104.355743
-152.221664
84.6433868
247.17099
-0.783005774
-83.3104172
-39.6526451
350.866455
36.0616722
-176.401779
45.1650124
207.506104
157.036636
-108.822098
-53.0648727
84.2880554
301.231628
-6.08710527
-78.4756088
50.8496323
265.749359
96.719429
-138.424332
3.96065903
173.448822
167.020645
-126.348541
-24.8422356
327.175385
54.3801918
-92.7991562
18.4109135
229.55481
173.129166
-135.431046
-26.3831291
134.618622
205.340698
-73.5143738
-77.6963272
39.3787422
268.219818
79.8819199
-111.417419
9.37542248
247.215958
111.573311
-62.1994247
-45.0146027
42.6269951
272.61377
10.1403971
-59.8876572
268.803528
131.582352
-91.0549469
-43.5892258
223.198929
160.84256
-47.3812103
-50.9011765
5.42757702
251.053757
85.6315842
-151.399139
74.1401825
224.759781
118.837975
-118.074463
54.7486649
69.7790527
235.020157
-65.9893417
-51.4698372
73.7866058
232.677994
51.3524551
8.64326191
178.929108
193.575211
-121.60508
34.3893051
51.0990906
230.01091
-0.334866822
-85.461792
50.7513504
212.339874
117.535645
-153.326706
73.8838806
208.545425
38.8629951
-22.5195389
6.86677027
50.5311966
195.547607
55.6521683
-70.4760895
36.2442665
229.003876
60.4167747
98.6527023
44.7909241
33.4929962
1.18733442
300.838745
121.70491
-98.573349
23.4716053
233.785843
355.227234
-41.7234459
-89.4807816
182.403198
221.526642
120.028679
-68.7462769
-36.6687775
394.816071
266.588806
-168.740005
-20.9749069
208.043884
294.558594
-32.6566277
-15.4241352
122.846207
176.767502
-43.882122
-80.957962
314.496307
364.845428
-129.350174
-70.3528366
163.351807
311.226318
43.0551987
-79.2725906
84.3003922
327.870605
122.499191
-45.2648315
-17.6285267
130.998337
342.335266
74.7577133
-58.9450989
44.2526207
403.835388
34.651413
-70.8921585
131.715714
192.395004
-42.2430916
-17.0381298
67.9566116
347.828308
127.793884
-41.9379883
-17.1563244
371.933807
140.450485
-101.76619
23.5429611
158.599762
294.354279
8.29906654
-46.2553062
57.5383873
448.933929
-14.5964737
-80.2490921
112.083298
310.863678
157.672806
-109.770119
98.5216599
312.55661
50.4941978
-35.9241295
-13.5760269
428.67804
97.0599976
-122.253189
79.4872818
279.161072
219.195633
-65.1366882
-33.4762306
102.024521
355.057739
38.2061996
-46.1885605
67.9474258
310.482697
134.66803
-92.0356293
40.7765503
234.037338
248.104431
-59.8756332
23.3579159
380.777435
97.5180817
-54.2262688
33.3952065
270.432465
213.223816
-91.1578979
12.8029776
186.61734
286.890991
-3.18402243
-36.751152
69.3412857
341.898743
155.543213
-79.3286057
-6.26813936
255.792038
183.101486
5.04735088
6.98863506
78.6152649
338.852875
41.3520889
-27.839344
338.351959
209.608139
-47.4424477
-52.9999657
219.141647
224.760788
23.0127144
5.18867064
41.015274
312.591156
127.383575
-134.766739
89.6828842
271.199158
182.669739
-77.2771606
102.371452
106.673508
309.974823
-24.42939
-12.7317133
96.1375885
304.388947
103.577347
-2.27658606
216.205322
262.472351
-82.1505737
85.4303284
83.5266647
302.432281
48.0783463
-46.7176399
73.4717789
274.023163
178.367111
-128.561508
113.081902
244.584579
100.877098
25.8994923
58.0407753
72.0028
259.032196
106.308525
-35.8053436
63.604702
281.880707
109.470345
