Gv9d1126_126
4
RAW_AUDIO_CHW
3,7,256
1361
-1316
-3294
-3746
-2800
-1151
-68
864
2218
3624
4503
3852
1903
-620
-2824
-3908
-3694
-2245
-202
1689
2733
2937
1822
-525
-2924
-4039
-3484
-2127
-346
1561
3046
4040
4403
3612
1845
-432
-2786
-4060
-3476
-1082
1609
3029
2900
1350
-1017
-2965
-3494
-2672
-1151
346
1026
1543
2486
3494
3251
1746
-411
-2562
-3373
-2285
-102
1715
2778
2661
1236
-937
-2829
-3561
-3012
-1868
-462
387
1130
1958
2699
3268
3139
1915
-163
-2308
-3332
-2984
-1371
927
2734
3472
3088
1552
-1007
-3260
-4310
-3758
-2312
-227
1645
3179
3875
3857
2648
583
-1658
-3489
-4337
-3272
-753
1929
3503
3632
1780
-1141
-3124
-3235
-1928
-544
391
767
1425
3000
4393
3618
1200
-1576
-3651
-3717
-1937
268
1500
2027
2158
1558
-267
-2548
-3633
-2782
-857
712
1169
1504
1998
2938
3383
2736
865
-1486
-3448
-3876
-2929
-1290
892
2893
3745
3013
895
-1674
-3481
-4080
-3383
-1695
439
2376
3765
4270
4062
2907
831
-1443
-3652
-4657
-3497
-814
1696
3243
3188
1302
-1380
-3305
-3311
-2295
-1146
-1
916
1850
3404
4496
3886
1914
-424
-2813
-3776
-2891
-598
1528
3125
3152
1488
-940
-2895
-3721
-3212
-2091
-966
262
1881
3144
3652
3350
2167
606
-1260
-2677
-3143
-2288
-364
2029
3347
3222
1919
-343
-2827
-4325
-4187
-2993
-1172
524
2233
3545
4057
3777
2349
20
-2448
-4144
-3811
-1688
1268
3472
4252
3504
1179
-1545
-3107
-2979
-2338
-1513
-862
-182
1086
2919
4002
3300
877
-1668
-3336
-3521
-1918
80
2158
1558
-267
-2548
-3633
-2782
-857
712
1169
1504
1998
2938
3383
2736
865
-1486
-3448
-3876
-2929
-1290
892
2893
3745
3013
895
-1674
-3481
-4080
-3383
-1695
439
2376
3765
4270
4062
2907
831
-1443
-3652
-4657
-3497
-814
1696
3243
3188
1302
-1380
-3305
-3311
-2295
-1146
-1
916
1850
3404
4496
3886
1914
-424
-2813
-3776
-2891
-598
1528
3125
3152
1488
-940
-2895
-3721
-3212
-2091
-966
262
1881
3144
3652
3350
2167
606
-1260
-2677
-3143
-2288
-364
2029
3347
3222
1919
-343
-2827
-4325
-4187
-2993
-1172
524
2233
3545
4057
3777
2349
20
-2448
-4144
-3811
-1688
1268
3472
4252
3504
1179
-1545
-3107
-2979
-2338
-1513
-862
-182
1086
2919
4002
3300
877
-1668
-3336
-3521
-1918
80
1769
2989
2979
1780
-113
-2066
-3124
-2765
-1541
-153
766
1563
2148
2680
2843
2173
615
-1471
-3151
-3460
-2308
-449
1673
3220
3297
2363
356
-1861
-3731
-4045
-3068
-1077
1150
2917
3779
3896
3348
1780
-681
-3033
-4722
-4559
-2226
1264
3833
4387
3127
76
-2744
-3728
-3106
-2243
-934
225
1001
2139
3817
4983
4206
1783
-1592
-4422
-4832
-2651
158
1848
2319
2109
991
-674
-2342
-2882
-2460
-1339
-252
552
1418
2552
3908
4255
3378
825
-1987
-3760
-3616
-2250
-340
1746
3461
3638
2587
-304
-3629
-5455
-4866
-2638
-21
1756
2983
3520
3527
3421
2246
208
-1773
-3427
-3785
-2027
665
2640
3399
2719
351
-2286
-3759
-3401
-2379
-983
271
1110
2127
3712
4952
3867
1190
-2030
-4209
-4112
1769
2989
2979
1780
-113
-2066
-3124
-2765
-1541
-153
766
1563
2148
2680
2843
2173
615
-1471
-3151
-3460
-2308
-449
1673
3220
3297
2363
356
-1861
-3731
-4045
-3068
-1077
1150
2917
3779
3896
3348
1780
-681
-3033
-4722
-4559
-2226
1264
3833
4387
3127
76
-2744
-3728
-3106
-2243
-934
225
1001
2139
3817
4983
4206
1783
-1592
-4422
-4832
-2651
158
1848
2319
2109
991
-674
-2342
-2882
-2460
-1339
-252
552
1418
2552
3908
4255
3378
825
-1987
-3760
-3616
-2250
-340
1746
3461
3638
2587
-304
-3629
-5455
-4866
-2638
-21
1756
2983
3520
3527
3421
2246
208
-1773
-3427
-3785
-2027
665
2640
3399
2719
351
-2286
-3759
-3401
-2379
-983
271
1110
2127
3712
4952
3867
1190
-2030
-4209
-4112
-1820
764
2353
2993
2546
1255
-782
-2623
-3295
-2986
-1800
-421
538
1307
2226
3252
3540
2791
742
-1540
-3084
-3179
-2345
-607
1733
3235
3200
2192
378
-1954
-3739
-4232
-3141
-1200
759
2116
2950
3356
3242
1831
-81
-1680
-3021
-3638
-2228
598
3095
4227
3646
976
-2287
-4188
-4162
-2766
-853
711
1488
2140
3308
4186
3597
1407
-1585
-3873
-4346
-2556
-50
1667
2587
2988
2162
48
-2213
-3385
-3342
-2164
-610
297
1376
2691
3871
4067
2968
676
-1573
-3328
-3880
-3280
-1536
1015
3099
3518
2678
555
-1877
-3728
-4040
-2565
-780
884
2083
2848
3288
3377
2424
774
-1110
-2717
-3664
-3079
-1021
1545
3178
3529
1710
-1168
-2972
-3118
-2359
-998
348
1168
1783
2640
3715
3794
2055
-304
-1820
764
2353
2993
2546
1255
-782
-2623
-3295
-2986
-1800
-421
538
1307
2226
3252
3540
2791
742
-1540
-3084
-3179
-2345
-607
1733
3235
3200
2192
378
-1954
-3739
-4232
-3141
-1200
759
2116
2950
3356
3242
1831
-81
-1680
-3021
-3638
-2228
598
3095
4227
3646
976
-2287
-4188
-4162
-2766
-853
711
1488
2140
3308
4186
3597
1407
-1585
-3873
-4346
-2556
-50
1667
2587
2988
2162
48
-2213
-3385
-3342
-2164
-610
297
1376
2691
3871
4067
2968
676
-1573
-3328
-3880
-3280
-1536
1015
3099
3518
2678
555
-1877
-3728
-4040
-2565
-780
884
2083
2848
3288
3377
2424
774
-1110
-2717
-3664
-3079
-1021
1545
3178
3529
1710
-1168
-2972
-3118
-2359
-998
348
1168
1783
2640
3715
3794
2055
-304
-2702
-4075
-3539
-1324
1176
2918
3340
1792
-623
-2770
-3834
-3295
-1735
-488
300
1238
2472
3518
4035
3371
1931
-197
-2266
-3641
-3388
-1928
251
2331
3290
2889
1237
-1317
-3373
-3965
-3167
-1628
47
1613
3141
3708
3226
2079
729
-344
-1448
-2957
-3453
-1684
1098
2870
3359
2289
-152
-2750
-3945
-3630
-2467
-934
378
1331
2498
3875
4487
3279
945
-1616
-3674
-3640
-1946
396
2047
2705
2120
841
-876
-2477
-3287
-2685
-1209
-89
776
1631
2183
2440
2708
2387
940
-1305
-3259
-3453
-2311
-505
1522
2725
2936
2294
318
-2018
-3486
-3614
-2657
-700
1220
2526
2980
3131
2695
1611
362
-1111
-2693
-3024
-1887
308
2127
3036
2827
1296
-942
-2508
-3153
-2788
-1596
-143
1155
2374
3134
3585
-2702
-4075
-3539
-1324
1176
2918
3340
1792
-623
-2770
-3834
-3295
-1735
-488
300
1238
2472
3518
4035
3371
1931
-197
-2266
-3641
-3388
-1928
251
2331
3290
2889
1237
-1317
-3373
-3965
-3167
-1628
47
1613
3141
3708
3226
2079
729
-344
-1448
-2957
-3453
-1684
1098
2870
3359
2289
-152
-2750
-3945
-3630
-2467
-934
378
1331
2498
3875
4487
3279
945
-1616
-3674
-3640
-1946
396
2047
2705
2120
841
-876
-2477
-3287
-2685
-1209
-89
776
1631
2183
2440
2708
2387
940
-1305
-3259
-3453
-2311
-505
1522
2725
2936
2294
318
-2018
-3486
-3614
-2657
-700
1220
2526
2980
3131
2695
1611
362
-1111
-2693
-3024
-1887
308
2127
3036
2827
1296
-942
-2508
-3153
-2788
-1596
-143
1155
2374
3134
3585
3307
1744
-574
-2883
-3884
-3106
-1131
977
2783
3326
2444
257
-2097
-3449
-2886
-1304
180
511
593
1084
1871
2700
3164
2896
1778
-524
-3274
-4440
-3645
-981
1687
2871
2602
1236
-620
-1995
-2977
-2928
-1553
148
1395
1918
2265
2348
2239
1600
511
-986
-2162
-2768
-2212
-493
1482
2448
2225
658
-1636
-3208
-3314
-2012
-579
328
863
1584
2368
3842
4374
2639
-475
-3431
-4425
-3397
-824
1673
3028
3142
2047
-69
-2248
-3808
-3717
-2665
-1165
-66
866
1739
2771
3747
3766
2601
680
-1259
-2656
-3056
-2507
-905
973
2199
2811
2649
1201
-1336
-3719
-4572
-3357
-1341
569
2337
3674
4112
3597
2231
505
-1232
-2714
-3135
-2212
-23
1915
2617
2248
723
-1577
-3056
-3012
-1952
-846
86
3307
1744
-574
-2883
-3884
-3106
-1131
977
2783
3326
2444
257
-2097
-3449
-2886
-1304
180
511
593
1084
1871
2700
3164
2896
1778
-524
-3274
-4440
-3645
-981
1687
2871
2602
1236
-620
-1995
-2977
-2928
-1553
148
1395
1918
2265
2348
2239
1600
511
-986
-2162
-2768
-2212
-493
1482
2448
2225
658
-1636
-3208
-3314
-2012
-579
328
863
1584
2368
3842
4374
2639
-475
-3431
-4425
-3397
-824
1673
3028
3142
2047
-69
-2248
-3808
-3717
-2665
-1165
-66
866
1739
2771
3747
3766
2601
680
-1259
-2656
-3056
-2507
-905
973
2199
2811
2649
1201
-1336
-3719
-4572
-3357
-1341
569
2337
3674
4112
3597
2231
505
-1232
-2714
-3135
-2212
-23
1915
2617
2248
723
-1577
-3056
-3012
-1952
-846
86
975
1846
2702
3707
3462
1821
-505
-2859
-4136
-3399
-1296
839
2437
3302
2761
861
-1230
-2820
-3114
-2591
-1441
40
1430
2592
3326
3680
3543
2416
25
-2608
-4145
-3934
-2863
-1145
1051
2808
3272
2557
854
-1040
-2483
-3173
-3073
-1742
189
1855
3085
3777
3497
2502
1115
-548
-2520
-3774
-3272
-1231
1145
2824
3050
1169
-1454
-3330
-3630
-2434
-690
664
1762
2256
2511
2962
3241
2295
411
-2053
-3665
-3290
-1668
-36
1479
2557
2320
677
-1282
-2947
-3557
-2704
-1149
13
859
1785
2744
3331
3581
2994
1055
-1350
-3262
-3927
-3136
-1087
1406
2978
3273
2324
404
-1574
-3052
-3988
-3269
-1386
511
1567
2595
3320
3529
2773
1460
-231
-2124
-3531
-3361
-1377
1093
2788
3427
2369
64
-2333
975
1846
2702
3707
3462
1821
-505
-2859
-4136
-3399
-1296
839
2437
3302
2761
861
-1230
-2820
-3114
-2591
-1441
40
1430
2592
3326
3680
3543
2416
25
-2608
-4145
-3934
-2863
-1145
1051
2808
3272
2557
854
-1040
-2483
-3173
-3073
-1742
189
1855
3085
3777
3497
2502
1115
-548
-2520
-3774
-3272
-1231
1145
2824
3050
1169
-1454
-3330
-3630
-2434
-690
664
1762
2256
2511
2962
3241
2295
411
-2053
-3665
-3290
-1668
-36
1479
2557
2320
677
-1282
-2947
-3557
-2704
-1149
13
859
1785
2744
3331
3581
2994
1055
-1350
-3262
-3927
-3136
-1087
1406
2978
3273
2324
404
-1574
-3052
-3988
-3269
-1386
511
1567
2595
3320
3529
2773
1460
-231
-2124
-3531
-3361
-1377
1093
2788
3427
2369
64
-2333
-3566
-3056
-1644
-221
884
1532
1802
2512
3492
3280
1634
-912
-2883
-3111
-1780
92
1446
1777
1446
670
-364
-1652
-2765
-2782
-1822
-494
666
1382
1812
2298
2825
2747
1795
24
-2329
-3791
-3414
-1519
862
2809
3831
3368
1336
-1283
-3453
-4493
-3530
-1534
271
1508
2416
2858
3122
2724
1613
221
-1681
-3375
-3938
-2492
398
3143
4060
2874
417
-1938
-3111
-2912
-2196
-912
434
1611
2572
3381
4040
3166
925
-1600
-3771
-4076
-2549
-612
1458
2788
2690
1283
-448
-1968
-2760
-2747
-1749
-654
53
1000
2239
3483
3816
3164
1878
-134
-2319
-3881
-4202
-2832
-380
2058
3247
3330
2039
-415
-2874
-3811
-3176
-1864
-352
1046
2213
3230
3830
3344
2316
851
-1417
-3661
-4352
-2767
182
2428
-1657
-3436
-3521
-2442
-874
127
991
2088
3534
4528
3699
1609
-969
-3192
-3983
-3196
-1538
237
1603
2443
2617
1524
-615
-2980
-4005
-3384
-1832
-34
1679
3162
4011
4085
3314
1596
-925
-3173
-3824
-2778
-367
2107
2971
2328
752
-1221
-2873
-3180
-2185
-866
331
1088
1795
2627
3423
2997
1392
-918
-2659
-3072
-1834
295
2006
2830
2497
887
-1301
-3122
-3374
-2613
-1604
-624
202
1217
2192
3031
3448
2656
1202
-589
-2342
-3127
-2606
-998
1108
2836
3569
2946
1024
-1443
-3332
-4152
-3338
-1820
-41
1704
3368
4044
3778
2354
249
-2079
-3504
-3781
-2420
-256
2116
3354
3238
1314
-1253
-3137
-3090
-1710
-298
411
795
1589
3060
4274
3294
715
-2173
-3919
-3456
-1374
752
1880
1892
1773
1248
-464
-2727
-3491
-2478
-731
617
1370
1897
2246
2934
3155
2232
442
-1616
-3504
-3792
-2634
-741
1338
3081
3670
2450
308
-1698
-3296
-3928
-3286
-1445
731
2526
3985
4209
3653
2563
617
-1803
-3803
-4363
-2960
-318
1973
3241
2703
742
-1725
-3349
-3097
-1861
-778
85
922
2133
3603
4433
3456
1237
-1129
-2917
-3338
-2248
-241
1720
3064
2838
1184
-1290
-3278
-3732
-2814
-1658
-659
570
2061
3010
3643
3281
1893
146
-1580
-2755
-2947
-1700
272
2258
3152
2960
1617
-634
-2901
-4317
-4141
-2640
-596
834
2242
3581
4044
3544
2086
-403
-2970
-4286
-3212
-776
1860
3512
3920
2748
667
-1611
-2988
-2873
-2078
-1224
-708
169
1575
2986
3668
2786
438
-1980
-3205
-3106
-1523
464
2216
1248
-464
-2727
-3491
-2478
-731
617
1370
1897
2246
2934
3155
2232
442
-1616
-3504
-3792
-2634
-741
1338
3081
3670
2450
308
-1698
-3296
-3928
-3286
-1445
731
2526
3985
4209
3653
2563
617
-1803
-3803
-4363
-2960
-318
1973
3241
2703
742
-1725
-3349
-3097
-1861
-778
85
922
2133
3603
4433
3456
1237
-1129
-2917
-3338
-2248
-241
1720
3064
2838
1184
-1290
-3278
-3732
-2814
-1658
-659
570
2061
3010
3643
3281
1893
146
-1580
-2755
-2947
-1700
272
2258
3152
2960
1617
-634
-2901
-4317
-4141
-2640
-596
834
2242
3581
4044
3544
2086
-403
-2970
-4286
-3212
-776
1860
3512
3920
2748
667
-1611
-2988
-2873
-2078
-1224
-708
169
1575
2986
3668
2786
438
-1980
-3205
-3106
-1523
464
2216
3071
2561
1232
-526
-2333
-2881
-2270
-1255
-161
875
1917
2271
2704
2635
1521
93
-1648
-3053
-3181
-1984
-16
2008
3203
3127
1936
-92
-2089
-3586
-3728
-2653
-641
1287
2937
4011
3963
3048
1160
-1153
-3321
-4493
-3728
-1495
1523
3748
4184
2714
-419
-2954
-3824
-3010
-1761
-317
416
1058
2358
3953
4837
3878
1104
-2288
-4465
-4084
-1796
630
1952
1964
1607
728
-855
-2572
-2896
-2254
-1020
-93
864
1519
2432
3660
4082
2892
269
-2269
-3686
-3378
-1643
254
2084
3299
3317
2029
-848
-3668
-5226
-4535
-2165
400
1968
3132
3536
3335
2898
1875
93
-1904
-3557
-3491
-1408
1237
3024
3270
1987
-394
-2452
-3505
-3058
-1968
-720
258
1297
2385
3786
4429
3124
523
-2440
-4023
-3480
-1264
3071
2561
1232
-526
-2333
-2881
-2270
-1255
-161
875
1917
2271
2704
2635
1521
93
-1648
-3053
-3181
-1984
-16
2008
3203
3127
1936
-92
-2089
-3586
-3728
-2653
-641
1287
2937
4011
3963
3048
1160
-1153
-3321
-4493
-3728
-1495
1523
3748
4184
2714
-419
-2954
-3824
-3010
-1761
-317
416
1058
2358
3953
4837
3878
1104
-2288
-4465
-4084
-1796
630
1952
1964
1607
728
-855
-2572
-2896
-2254
-1020
-93
864
1519
2432
3660
4082
2892
269
-2269
-3686
-3378
-1643
254
2084
3299
3317
2029
-848
-3668
-5226
-4535
-2165
400
1968
3132
3536
3335
2898
1875
93
-1904
-3557
-3491
-1408
1237
3024
3270
1987
-394
-2452
-3505
-3058
-1968
-720
258
1297
2385
3786
4429
3124
523
-2440
-4023
-3480
-1264
983
2487
2852
2108
776
-1233
-2886
-2968
-2319
-1226
-355
566
1396
2284
3348
3410
2129
53
-1692
-2744
-2757
-2000
-232
1801
3200
3114
1988
-115
-2222
-3736
-3977
-2418
-454
973
2045
2971
3328
2921
1384
-429
-2169
-3086
-3002
-1351
1019
3078
3831
3098
409
-2421
-4206
-3936
-2216
-192
913
1543
2211
3104
3845
3382
1046
-1984
-3997
-3947
-1929
476
1904
2338
2512
1653
-172
-2224
-3160
-2930
-1858
-593
580
1848
2787
3641
3799
2436
339
-1494
-3258
-3794
-2960
-916
1499
3223
3293
2098
-58
-1996
-3540
-3694
-2209
-349
1106
2173
2982
3135
2896
2004
626
-1266
-2758
-3328
-2624
-610
1873
3139
3122
983
-1646
-2974
-2733
-1800
-549
300
1093
1853
2713
3583
3528
1499
-838
-2796
983
2487
2852
2108
776
-1233
-2886
-2968
-2319
-1226
-355
566
1396
2284
3348
3410
2129
53
-1692
-2744
-2757
-2000
-232
1801
3200
3114
1988
-115
-2222
-3736
-3977
-2418
-454
973
2045
2971
3328
2921
1384
-429
-2169
-3086
-3002
-1351
1019
3078
3831
3098
409
-2421
-4206
-3936
-2216
-192
913
1543
2211
3104
3845
3382
1046
-1984
-3997
-3947
-1929
476
1904
2338
2512
1653
-172
-2224
-3160
-2930
-1858
-593
580
1848
2787
3641
3799
2436
339
-1494
-3258
-3794
-2960
-916
1499
3223
3293
2098
-58
-1996
-3540
-3694
-2209
-349
1106
2173
2982
3135
2896
2004
626
-1266
-2758
-3328
-2624
-610
1873
3139
3122
983
-1646
-2974
-2733
-1800
-549
300
1093
1853
2713
3583
3528
1499
-838
-2796
-3656
-3031
-966
1340
2866
3011
1498
-951
-3118
-3844
-2786
-1287
-420
310
1200
2312
3583
4028
3031
1277
-673
-2474
-3459
-2800
-1441
484
2341
3338
2774
832
-1644
-3534
-3951
-2625
-956
360
1616
3028
3415
2864
1947
752
-560
-1750
-2899
-2933
-972
1591
2909
2977
1835
-330
-2744
-3759
-3247
-2022
-638
662
1482
2412
3753
4428
3009
572
-1990
-3619
-3321
-1381
1058
2364
2466
1747
534
-1057
-2422
-2949
-2363
-1164
44
1164
1867
2329
2343
2230
1929
659
-1347
-3155
-3127
-1949
-174
1927
3007
2790
1765
-188
-2022
-3265
-3232
-2173
-487
1347
2612
3036
2907
2238
1275
13
-1348
-2526
-2800
-1692
626
2336
2976
2393
704
-1566
-2788
-2789
-2320
-1425
-172
1049
2237
3016
3590
2943
-3656
-3031
-966
1340
2866
3011
1498
-951
-3118
-3844
-2786
-1287
-420
310
1200
2312
3583
4028
3031
1277
-673
-2474
-3459
-2800
-1441
484
2341
3338
2774
832
-1644
-3534
-3951
-2625
-956
360
1616
3028
3415
2864
1947
752
-560
-1750
-2899
-2933
-972
1591
2909
2977
1835
-330
-2744
-3759
-3247
-2022
-638
662
1482
2412
3753
4428
3009
572
-1990
-3619
-3321
-1381
1058
2364
2466
1747
534
-1057
-2422
-2949
-2363
-1164
44
1164
1867
2329
2343
2230
1929
659
-1347
-3155
-3127
-1949
-174
1927
3007
2790
1765
-188
-2022
-3265
-3232
-2173
-487
1347
2612
3036
2907
2238
1275
13
-1348
-2526
-2800
-1692
626
2336
2976
2393
704
-1566
-2788
-2789
-2320
-1425
-172
1049
2237
3016
3590
2943
988
-1265
-3041
-3683
-2623
-638
1055
2638
3078
1915
-352
-2549
-3409
-2489
-845
516
573
444
1040
2047
2593
2918
2664
1457
-866
-3127
-3984
-3078
-477
1915
2687
2255
1032
-739
-2165
-2976
-2423
-940
638
1621
1832
2096
2436
2385
1468
178
-1036
-1906
-2384
-1403
127
1503
2121
1937
304
-1774
-3080
-3004
-1745
-275
530
966
1488
2444
3993
4123
2173
-885
-3606
-4149
-2576
-27
1975
2979
2673
1270
-386
-2184
-3554
-3498
-2496
-984
-21
1020
1835
2491
3318
3508
2503
683
-1114
-2490
-3024
-2251
-331
1300
2044
2582
2448
814
-1387
-3548
-4389
-2981
-921
783
2300
3381
3695
3019
1872
476
-1135
-2706
-2921
-1765
216
1893
2450
1824
176
-1772
-2794
-2523
-1420
-586
-65
875
988
-1265
-3041
-3683
-2623
-638
1055
2638
3078
1915
-352
-2549
-3409
-2489
-845
516
573
444
1040
2047
2593
2918
2664
1457
-866
-3127
-3984
-3078
-477
1915
2687
2255
1032
-739
-2165
-2976
-2423
-940
638
1621
1832
2096
2436
2385
1468
178
-1036
-1906
-2384
-1403
127
1503
2121
1937
304
-1774
-3080
-3004
-1745
-275
530
966
1488
2444
3993
4123
2173
-885
-3606
-4149
-2576
-27
1975
2979
2673
1270
-386
-2184
-3554
-3498
-2496
-984
-21
1020
1835
2491
3318
3508
2503
683
-1114
-2490
-3024
-2251
-331
1300
2044
2582
2448
814
-1387
-3548
-4389
-2981
-921
783
2300
3381
3695
3019
1872
476
-1135
-2706
-2921
-1765
216
1893
2450
1824
176
-1772
-2794
-2523
-1420
-586
-65
875
1962
2836
3388
2927
1306
-817
-2779
-3610
-2928
-1114
899
2592
3139
2343
500
-1617
-2876
-2618
-2181
-1259
19
1429
2435
3185
3679
3405
2056
-283
-2580
-3881
-3656
-2632
-973
1200
3012
3280
2181
364
-1200
-2435
-2928
-2549
-1431
71
1712
3138
3687
3330
2366
831
-907
-2476
-3394
-2857
-985
1243
2713
2776
929
-1570
-3312
-3270
-1768
-325
688
1779
2032
2266
3139
3416
2054
-28
-2361
-3597
-2902
-1070
247
1427
2426
2259
623
-1264
-2901
-3356
-2510
-820
280
893
1656
2707
3249
3499
2928
882
-1705
-3452
-3726
-2633
-554
1839
3001
2910
2091
337
-1582
-3157
-3883
-2883
-1035
707
1617
2372
3106
3533
2802
1270
-537
-2460
-3777
-3017
-706
1332
2550
2923
1829
-421
-2363
-3188
1962
2836
3388
2927
1306
-817
-2779
-3610
-2928
-1114
899
2592
3139
2343
500
-1617
-2876
-2618
-2181
-1259
19
1429
2435
3185
3679
3405
2056
-283
-2580
-3881
-3656
-2632
-973
1200
3012
3280
2181
364
-1200
-2435
-2928
-2549
-1431
71
1712
3138
3687
3330
2366
831
-907
-2476
-3394
-2857
-985
1243
2713
2776
929
-1570
-3312
-3270
-1768
-325
688
1779
2032
2266
3139
3416
2054
-28
-2361
-3597
-2902
-1070
247
1427
2426
2259
623
-1264
-2901
-3356
-2510
-820
280
893
1656
2707
3249
3499
2928
882
-1705
-3452
-3726
-2633
-554
1839
3001
2910
2091
337
-1582
-3157
-3883
-2883
-1035
707
1617
2372
3106
3533
2802
1270
-537
-2460
-3777
-3017
-706
1332
2550
2923
1829
-421
-2363
-3188
-2853
-1720
-180
1014
1505
1806
2551
3363
3026
1416
-1198
-3219
-3024
-1527
358
1717
1847
1163
252
-474
-1504
-2626
-2629
-1703
-534
704
1658
1903
2152
2728
2615
1648
-145
-2426
-3854
-3284
-1052
1478
3122
3735
3030
735
-1560
-3290
-4112
-3203
-1349
250
1401
2301
2991
3133
2551
1445
21
-1933
-3401
-3613
-2050
745
3386
3952
2398
4
-1952
-2923
-2768
-1994
-882
415
1668
2724
3536
4079
2842
367
-2203
-3839
-3501
-2141
-349
1681
2600
2363
1212
-509
-2177
-2900
-2469
-1372
-449
201
899
2144
3669
3998
3100
1450
-571
-2593
-3819
-3764
-2275
-78
2296
3377
3264
1774
-706
-3036
-3659
-2769
-1383
-141
910
2162
3386
3892
3378
2077
219
-1903
-3684
-3849
-2118
522
2352
3230
-2937
-4070
-3449
-1935
-416
626
1729
2993
4323
4784
3250
560
-2256
-4272
-4512
-2698
-341
1438
2449
2819
2191
341
-1924
-3737
-4091
-2932
-1096
824
2599
3916
4519
4212
2957
700
-2118
-4144
-3945
-1828
1078
3160
3218
1777
-379
-2457
-3561
-3019
-1655
-347
547
1306
2356
3543
3822
2581
455
-1966
-3360
-2889
-855
1370
2976
3326
2045
-176
-2612
-3996
-3282
-2044
-947
-161
584
1734
2772
3710
3741
2374
381
-1705
-3179
-3232
-2006
248
2254
3590
3705
2321
-307
-2573
-4010
-4026
-2829
-1107
693
2528
3963
4437
3490
1510
-1017
-3307
-4412
-3568
-1336
1189
3079
3603
2423
-41
-2375
-3312
-2554
-1111
56
625
1205
2487
4030
4225
2297
-356
-3181
-4230
-2766
-315
1680
2382
2156
1592
307
-1860
-3456
-3083
-1594
-204
688
1590
2409
2881
3295
3004
1570
-409
-2553
-4153
-3817
-1999
374
2448
3803
3340
1400
-814
-2507
-3678
-3944
-2769
-371
1863
3667
4634
4376
3384
1829
-365
-2762
-4464
-4129
-1922
874
2800
3381
1927
-555
-2730
-3294
-2608
-1489
-518
476
1456
2979
4346
4294
2682
531
-2030
-3489
-3193
-1376
838
2634
3360
2311
155
-2244
-3791
-3788
-2580
-1340
-197
1440
2802
3362
3734
3113
1532
-427
-2171
-3230
-2720
-811
1448
3012
3325
2724
760
-1875
-3952
-4628
-3991
-1960
171
1565
2923
3941
4055
3259
1493
-1298
-4070
-4721
-2640
411
3036
4216
3802
1868
-496
-2431
-2911
-2626
-1917
-1040
-293
860
2386
3528
3664
2135
-421
-2665
-3597
-2789
-754
1324
2976
307
-1860
-3456
-3083
-1594
-204
688
1590
2409
2881
3295
3004
1570
-409
-2553
-4153
-3817
-1999
374
2448
3803
3340
1400
-814
-2507
-3678
-3944
-2769
-371
1863
3667
4634
4376
3384
1829
-365
-2762
-4464
-4129
-1922
874
2800
3381
1927
-555
-2730
-3294
-2608
-1489
-518
476
1456
2979
4346
4294
2682
531
-2030
-3489
-3193
-1376
838
2634
3360
2311
155
-2244
-3791
-3788
-2580
-1340
-197
1440
2802
3362
3734
3113
1532
-427
-2171
-3230
-2720
-811
1448
3012
3325
2724
760
-1875
-3952
-4628
-3991
-1960
171
1565
2923
3941
4055
3259
1493
-1298
-4070
-4721
-2640
411
3036
4216
3802
1868
-496
-2431
-2911
-2626
-1917
-1040
-293
860
2386
3528
3664
2135
-421
-2665
-3597
-2789
-754
1324
2976
3493
2269
452
-1550
-2849
-2650
-1681
-712
187
1249
2182
2605
3076
2654
1123
-738
-2424
-3584
-3172
-1154
1065
2992
3742
3100
1128
-1118
-3134
-3996
-3601
-1991
244
2115
3510
4336
4120
2721
379
-2192
-4445
-4942
-3096
-46
2966
4267
3877
1389
-1875
-3714
-3667
-2831
-1418
66
723
1491
3071
4631
5004
3332
-52
-3887
-5326
-3625
-639
1470
2099
1809
1303
84
-1610
-2864
-2813
-1916
-691
183
1398
2155
3245
4233
4254
2201
-857
-3395
-4320
-3147
-793
1325
3359
3901
3076
720
-2457
-4803
-5427
-4024
-1445
1047
2607
3563
3644
3367
2658
1244
-766
-2921
-4351
-3133
-196
2442
3524
3051
967
-1552
-3062
-3406
-2866
-1840
-431
606
1807
3305
4794
4528
2513
-476
-3531
-4336
-2654
-120
3493
2269
452
-1550
-2849
-2650
-1681
-712
187
1249
2182
2605
3076
2654
1123
-738
-2424
-3584
-3172
-1154
1065
2992
3742
3100
1128
-1118
-3134
-3996
-3601
-1991
244
2115
3510
4336
4120
2721
379
-2192
-4445
-4942
-3096
-46
2966
4267
3877
1389
-1875
-3714
-3667
-2831
-1418
66
723
1491
3071
4631
5004
3332
-52
-3887
-5326
-3625
-639
1470
2099
1809
1303
84
-1610
-2864
-2813
-1916
-691
183
1398
2155
3245
4233
4254
2201
-857
-3395
-4320
-3147
-793
1325
3359
3901
3076
720
-2457
-4803
-5427
-4024
-1445
1047
2607
3563
3644
3367
2658
1244
-766
-2921
-4351
-3133
-196
2442
3524
3051
967
-1552
-3062
-3406
-2866
-1840
-431
606
1807
3305
4794
4528
2513
-476
-3531
-4336
-2654
-120
1863
3095
3226
2178
460
-1866
-3117
-2831
-1928
-776
162
1203
2061
3123
4051
3820
1837
-687
-2552
-3216
-2532
-974
1192
3106
3752
3133
1483
-1008
-3098
-4176
-3703
-1703
372
1619
2513
3308
3710
2693
768
-1366
-3207
-3977
-2871
-184
2264
3611
3673
2043
-950
-3432
-4733
-4115
-2164
29
1151
1759
2562
3537
3985
2841
-205
-3522
-5053
-3821
-942
1400
2479
2788
2425
905
-1372
-3229
-3511
-2869
-1440
-119
1333
2568
3432
3984
3611
1750
-345
-2498
-3968
-3841
-2294
337
2828
3676
3068
1267
-1080
-2750
-3893
-3439
-1596
429
1719
2749
3470
3587
2993
1682
-196
-2199
-3514
-3373
-1797
790
3001
3763
2778
-184
-2508
-3375
-2878
-1495
101
959
1504
2282
3317
4034
3000
470
-2078
-3686
1863
3095
3226
2178
460
-1866
-3117
-2831
-1928
-776
162
1203
2061
3123
4051
3820
1837
-687
-2552
-3216
-2532
-974
1192
3106
3752
3133
1483
-1008
-3098
-4176
-3703
-1703
372
1619
2513
3308
3710
2693
768
-1366
-3207
-3977
-2871
-184
2264
3611
3673
2043
-950
-3432
-4733
-4115
-2164
29
1151
1759
2562
3537
3985
2841
-205
-3522
-5053
-3821
-942
1400
2479
2788
2425
905
-1372
-3229
-3511
-2869
-1440
-119
1333
2568
3432
3984
3611
1750
-345
-2498
-3968
-3841
-2294
337
2828
3676
3068
1267
-1080
-2750
-3893
-3439
-1596
429
1719
2749
3470
3587
2993
1682
-196
-2199
-3514
-3373
-1797
790
3001
3763
2778
-184
-2508
-3375
-2878
-1495
101
959
1504
2282
3317
4034
3000
470
-2078
-3686
-3626
-2058
344
2311
3342
2761
560
-2060
-3836
-3945
-2368
-782
49
823
1675
2721
4047
4338
2943
754
-1496
-3488
-3696
-2255
-483
1443
3050
3427
2322
-101
-2741
-4297
-3968
-2122
-155
1104
2304
3435
3458
2804
1762
291
-1281
-2629
-3405
-2072
555
2607
3019
2707
1204
-1168
-3313
-3911
-3164
-1444
104
1320
2095
3197
4366
4368
2297
-447
-3035
-3992
-2865
-268
1862
2706
2433
1558
52
-1781
-2918
-2896
-1926
-726
450
1505
2113
2489
2781
2760
1860
-26
-2488
-3733
-2903
-1328
695
2719
3448
2910
1159
-1250
-3016
-3783
-3169
-1570
320
1893
2886
3270
3033
2099
779
-716
-2195
-2917
-2600
-993
1168
2688
3058
2192
-95
-2480
-3463
-3099
-2100
-912
328
1603
2715
3568
4129
2850
-3626
-2058
344
2311
3342
2761
560
-2060
-3836
-3945
-2368
-782
49
823
1675
2721
4047
4338
2943
754
-1496
-3488
-3696
-2255
-483
1443
3050
3427
2322
-101
-2741
-4297
-3968
-2122
-155
1104
2304
3435
3458
2804
1762
291
-1281
-2629
-3405
-2072
555
2607
3019
2707
1204
-1168
-3313
-3911
-3164
-1444
104
1320
2095
3197
4366
4368
2297
-447
-3035
-3992
-2865
-268
1862
2706
2433
1558
52
-1781
-2918
-2896
-1926
-726
450
1505
2113
2489
2781
2760
1860
-26
-2488
-3733
-2903
-1328
695
2719
3448
2910
1159
-1250
-3016
-3783
-3169
-1570
320
1893
2886
3270
3033
2099
779
-716
-2195
-2917
-2600
-993
1168
2688
3058
2192
-95
-2480
-3463
-3099
-2100
-912
328
1603
2715
3568
4129
2850
161
-2394
-3715
-3716
-1897
139
1934
3221
3358
1544
-1324
-3531
-3613
-2155
-128
815
539
518
1435
2679
3371
3455
2670
560
-2372
-4013
-3921
-2139
765
2772
3154
2324
467
-1610
-3048
-3450
-1972
-94
1270
1784
1893
2305
2864
2586
1237
-520
-1757
-2518
-2440
-827
978
2080
2365
1664
-681
-2917
-3756
-2879
-1285
161
801
1151
1891
3512
4946
3825
1000
-2396
-4577
-4174
-1733
992
2796
3579
2806
659
-1510
-3326
-4106
-3342
-1808
-535
304
1428
2420
3352
3841
3344
1798
-264
-2018
-3200
-3325
-1806
717
2244
2758
2872
1762
-413
-2670
-4423
-4301
-2463
-319
1579
3334
4330
4030
2557
1058
-236
-1947
-3136
-2764
-846
1370
2636
2685
1388
-1001
-2810
-3161
-2305
-1147
-418
255
1414
161
-2394
-3715
-3716
-1897
139
1934
3221
3358
1544
-1324
-3531
-3613
-2155
-128
815
539
518
1435
2679
3371
3455
2670
560
-2372
-4013
-3921
-2139
765
2772
3154
2324
467
-1610
-3048
-3450
-1972
-94
1270
1784
1893
2305
2864
2586
1237
-520
-1757
-2518
-2440
-827
978
2080
2365
1664
-681
-2917
-3756
-2879
-1285
161
801
1151
1891
3512
4946
3825
1000
-2396
-4577
-4174
-1733
992
2796
3579
2806
659
-1510
-3326
-4106
-3342
-1808
-535
304
1428
2420
3352
3841
3344
1798
-264
-2018
-3200
-3325
-1806
717
2244
2758
2872
1762
-413
-2670
-4423
-4301
-2463
-319
1579
3334
4330
4030
2557
1058
-236
-1947
-3136
-2764
-846
1370
2636
2685
1388
-1001
-2810
-3161
-2305
-1147
-418
255
1414
2608
3648
3843
2512
494
-1780
-3529
-3689
-2276
-240
1824
3451
3573
1788
-666
-2792
-3360
-2658
-1804
-613
921
2294
3101
3827
4151
3317
1175
-1452
-3509
-4144
-3421
-2037
1
2352
3691
3251
1398
-631
-2176
-3183
-3208
-2146
-776
742
2440
3851
3969
2999
1647
-80
-1855
-3301
-3495
-2105
223
2297
3152
2130
-318
-2832
-3929
-2964
-909
357
1389
2075
2143
2727
3829
3493
1645
-873
-3272
-3723
-2238
-328
1023
2291
2902
1783
-425
-2389
-3579
-3389
-1837
-175
676
1359
2211
3136
3747
3852
2683
2
-2796
-4234
-3749
-1912
820
2970
3424
2694
1386
-555
-2279
-3789
-3837
-2223
-284
1137
2097
2956
3592
3464
2368
572
-1437
-3515
-4131
-2271
536
2217
2922
2782
927
-1552
-3148
-3290
2608
3648
3843
2512
494
-1780
-3529
-3689
-2276
-240
1824
3451
3573
1788
-666
-2792
-3360
-2658
-1804
-613
921
2294
3101
3827
4151
3317
1175
-1452
-3509
-4144
-3421
-2037
1
2352
3691
3251
1398
-631
-2176
-3183
-3208
-2146
-776
742
2440
3851
3969
2999
1647
-80
-1855
-3301
-3495
-2105
223
2297
3152
2130
-318
-2832
-3929
-2964
-909
357
1389
2075
2143
2727
3829
3493
1645
-873
-3272
-3723
-2238
-328
1023
2291
2902
1783
-425
-2389
-3579
-3389
-1837
-175
676
1359
2211
3136
3747
3852
2683
2
-2796
-4234
-3749
-1912
820
2970
3424
2694
1386
-555
-2279
-3789
-3837
-2223
-284
1137
2097
2956
3592
3464
2368
572
-1437
-3515
-4131
-2271
536
2217
2922
2782
927
-1552
-3148
-3290
-2499
-1213
148
1091
1540
2192
3318
3596
2596
530
-2329
-3607
-2604
-618
1050
1976
1860
935
-136
-1048
-2285
-2944
-2237
-1209
-268
982
1926
2475
2912
3096
2475
951
-1239
-3260
-3930
-2687
-21
2391
3823
4010
2316
-481
-2650
-4050
-4053
-2576
-807
736
1986
3191
3505
3130
1983
780
-664
-2544
-3899
-3437
-1207
1971
4180
4095
1719
-1016
-2729
-3180
-2645
-1564
-279
816
2267
3525
4435
4105
1902
-848
-3208
-4097
-3042
-1517
387
2366
3071
2295
655
-1272
-2808
-3114
-2186
-1087
-509
342
1548
3295
4516
4127
2677
844
-1470
-3485
-4422
-3523
-1440
1148
3183
3847
3133
862
-2001
-3886
-3863
-2499
-875
385
1705
3175
4058
3920
3068
1785
-385
-3145
-4613
-3879
-1112
1652
3244
3519
